AV 1
AV 2
AV 3
AV 4
AV 5
AV 6
AV 7
AV 8
AV 9
AV 10
AV 11
AV 12
AV 13
AV 14
AV 15
AV 16
AV 17
AV 18
AV 19
AV 20
AV 21
AV 22
AV 23
AV 24
AV 25
AV 26
AV 27
AV 28
AV 29
AV 30
AV 31
AV 32
AV 33
AV 34
AV 35
AV 36
AV 37
AV 38
AV 39
AV 40
AV 41
AV 42
AV 43
AV 44
AV 45
AV 46
AV 47
AV 48
AV 49
AV 50
AE 5 16 5
AE 25 48 1
AE 23 14 9
AE 48 13 7
AE 17 9 9
AE 3 25 14
AE 46 43 13
AE 34 12 5
AE 4 43 12
AE 20 27 10
AE 13 6 9
AE 2 50 5
AE 9 48 4
AE 9 2 7
AE 5 1 10
AE 15 43 14
AE 14 15 8
AE 21 36 11
AE 38 25 14
AE 16 2 12
AE 19 31 5
AE 13 2 8
AE 10 7 11
AE 7 15 1
AE 27 11 5
AE 1 2 13
AE 20 46 15
AE 13 45 9
AE 1 31 8
AE 19 12 11
AE 3 33 12
AE 20 7 14
AE 9 16 2
AE 43 37 12
AE 48 6 11
AE 34 13 2
AE 43 11 4
AE 48 20 14
AE 38 31 1
AE 28 12 7
AE 38 18 12
AE 21 9 14
AE 34 32 8
AE 22 33 5
AE 30 29 1
AE 20 24 7
AE 6 23 1
AE 29 4 8
AE 40 9 4
AE 45 21 6
AE 8 32 13
AE 47 38 12
AE 4 13 3
AE 29 15 14
AE 49 33 15
AE 25 10 10
AE 50 31 6
AE 12 33 6
AE 11 9 12
AE 30 36 4
AE 7 26 11
AE 4 41 7
AE 41 32 12
AE 9 24 4
AE 47 36 4
AE 18 9 7
AE 16 41 9
AE 14 44 7
AE 43 49 6
AE 34 4 1
AE 47 44 4
AE 4 15 8
AE 37 42 8
AE 33 2 7
AE 17 29 12
AE 42 47 7
AE 29 23 13
AE 32 49 12
AE 33 9 11
AE 28 11 6
AE 14 20 7
AE 23 25 5
AE 4 49 14
AE 17 39 5
AE 15 38 13
AE 36 7 1
AE 39 32 7
AE 17 7 1
AE 25 3 8
AE 6 50 6
AE 37 22 5
AE 43 21 9
AE 19 43 7
AE 41 9 7
AE 50 6 15
AE 27 34 6
AE 6 19 11
AE 16 50 10
AE 11 28 4
AE 48 2 9
AE 46 37 5
AE 22 18 9
AE 36 31 3
AE 17 30 1
AE 9 26 8
AE 47 7 11
AE 45 26 14
AE 33 1 11
AE 17 44 8
AE 7 24 13
AE 26 25 11
AE 34 39 4
AE 4 7 12
AE 21 45 8
AE 1 30 14
AE 14 28 10
AE 20 42 4
AE 46 10 4
AE 48 36 14
AE 50 1 6
AE 11 18 12
AE 13 22 8
AE 29 7 14
AE 39 23 7
AE 23 43 1
AE 29 19 14
AE 24 28 14
AE 13 33 5
AE 34 48 13
AE 15 46 15
AE 46 19 2
AE 16 38 2
AE 28 4 6
AE 24 16 14
AE 8 44 8
AE 35 21 3
AE 42 16 2
AE 4 5 8
AE 14 21 12
AE 3 4 12
AE 40 17 13
AE 3 20 8
AE 25 47 14
AE 19 40 9
AE 38 24 2
AE 43 3 7
AE 49 4 14
AE 16 21 5
AE 41 42 1
AE 42 9 1
AE 31 45 7
AE 33 24 14
AE 43 17 8
AE 20 41 4
AE 19 21 10
AE 18 39 1
AE 9 23 12
AE 23 45 11
AE 16 7 12
AE 45 33 10
AE 11 2 12
AE 14 42 3
AE 1 34 7
AE 11 42 11
AE 35 23 7
AE 40 25 11
AE 2 48 13
AE 12 3 1
AE 34 3 5
AE 11 12 8
AE 34 49 15
AE 33 36 13
AE 8 19 15
AE 2 27 3
AE 32 24 9
AE 33 34 12
AE 23 49 4
AE 30 24 1
AE 11 7 14
AE 38 7 8
AE 10 9 14
AE 34 17 13
AE 41 13 5
AE 49 32 1
AE 41 30 1
AE 4 36 10
AE 33 29 13
AE 36 37 9
AE 43 30 3
AE 46 36 13
AE 11 23 11
AE 50 17 13
AE 15 34 15
AE 17 10 7
AE 6 7 9
AE 27 14 8
AE 6 26 13
AE 4 9 8
AE 29 13 2
AE 16 34 10
AE 28 41 15
AE 17 19 3
AE 47 39 5
AE 13 46 3
AE 13 48 6
AE 17 21 9
AE 9 40 7
AE 5 27 13
AE 2 29 14
AE 50 45 11
AE 19 48 1
AE 21 40 3
AE 4 1 3
AE 32 23 13
AE 28 22 11
AE 47 31 13
AE 13 49 10
AE 37 10 12
AE 35 5 9
AE 35 45 5
AE 39 11 11
AE 4 42 13
AE 41 11 8
AE 11 46 10
AE 15 19 1
AE 17 45 14
AE 34 21 2
AE 15 2 14
AE 40 48 14
AE 21 4 8
AE 47 15 2
AE 13 47 14
AE 24 4 9
AE 17 27 12
AE 44 28 13
AE 28 43 7
AE 49 13 4
AE 18 36 6
AE 12 48 11
AE 12 13 7
AE 37 30 4
AE 32 44 8
AE 1 33 1
AE 3 49 6
AE 19 1 6
AE 49 19 12
AE 43 27 14
AE 12 7 5
AE 48 11 12
AE 30 28 14
AE 5 24 9
AE 45 2 3
AE 23 36 10
AE 10 26 14
AE 30 32 11
AE 22 47 2
AE 23 42 12
AE 11 39 10
AE 25 12 3
AE 7 8 6
AE 25 40 9
AE 19 15 5
AE 36 29 4
AE 14 26 3
AE 30 11 15
AE 48 29 8
AE 22 8 5
AE 8 1 14
AE 40 44 10
AE 46 42 13
AE 42 44 12
AE 10 8 5
AE 12 25 10
AE 2 1 3
AE 41 44 12
AE 22 49 14
AE 43 19 14
AE 7 36 4
AE 40 41 3
AE 27 31 7
AE 3 37 14
AE 3 5 13
AE 9 22 11
AE 47 50 6
AE 5 47 13
AE 18 7 10
AE 37 36 13
AE 35 3 11
AE 33 17 14
AE 47 34 11
AE 44 30 14
AE 11 25 2
AE 43 8 5
AE 12 32 10
AE 24 41 3
AE 6 24 7
AE 46 47 10
AE 27 33 6
AE 2 6 7
AE 6 9 8
AE 17 18 15
AE 12 50 15
AE 5 17 5
AE 19 18 15
AE 15 24 14
AE 26 14 15
AE 38 2 9
AE 4 32 12
AE 19 6 10
AE 4 30 3
AE 10 30 10
AE 8 2 7
AE 31 37 5
AE 27 35 10
AE 47 32 2
AE 30 21 6
AE 22 13 11
AE 7 43 5
AE 4 8 3
AE 30 23 10
AE 27 21 15
AE 38 30 10
AE 44 18 12
AE 24 35 2
AE 8 16 13
AE 29 33 6
AE 2 31 6
AE 38 50 1
AE 8 30 6
AE 47 14 10
AE 44 38 11
AE 32 22 9
AE 36 22 3
AE 29 17 3
AE 29 48 2
AE 46 33 10
AE 39 44 4
AE 44 2 5
AE 12 8 5
AE 15 31 10
AE 7 14 5
AE 4 2 1
AE 13 12 10
AE 32 36 13
AE 35 30 14
AE 15 12 4
AE 41 26 3
AE 25 45 5
AE 16 35 4
AE 20 50 8
AE 37 35 9
AE 3 38 5
AE 3 8 3
AE 26 41 5
AE 17 11 9
AE 6 46 12
AE 33 18 8
AE 28 36 2
AE 13 14 8
AE 31 41 5
AE 16 18 7
AE 29 44 5
AE 24 14 1
AE 19 25 4
AE 49 24 3
AE 50 43 8
AE 44 50 2
AE 47 43 4
AE 19 36 14
AE 45 49 13
AE 28 9 1
AE 17 23 6
AE 35 9 12
AE 2 8 12
AE 40 2 3
AE 7 41 4
AE 41 22 7
AE 13 30 7
AE 22 19 7
AE 45 44 12
AE 15 41 5
AE 26 21 12
AE 10 49 13
AE 38 13 5
AE 25 16 10
AE 37 31 7
AE 48 9 4
AE 44 32 15
AE 39 46 10
AE 5 7 15
AE 10 11 13
AE 9 7 12
AE 30 37 3
AE 37 12 10
AE 21 12 10
AE 10 24 1
AE 18 28 3
AE 24 44 10
AE 49 16 8
AE 14 50 2
AE 2 5 7
AE 39 14 14
AE 25 42 13
AE 12 31 1
AE 15 47 1
AE 5 44 4
AE 49 15 2
AE 15 21 8
AE 36 24 10
AE 48 41 15
AE 38 6 14
AE 38 33 13
AE 48 47 3
AE 17 24 14
AE 11 38 7
AE 3 1 14
AE 34 43 4
AE 42 26 2
AE 7 13 1
AE 10 41 8
AE 18 37 10
AE 45 39 12
AE 48 5 4
AE 31 11 1
AE 47 19 8
AE 47 1 11
AE 2 32 11
AE 50 28 14
AE 35 1 5
AE 48 50 2
AE 19 46 15
AE 3 45 9
AE 17 4 3
AE 7 45 9
AE 12 1 9
AE 30 7 12
AE 7 44 3
AE 26 15 14
AE 16 19 13
AE 43 47 12
AE 3 28 15
AE 46 30 4
AE 29 16 1
AE 35 25 4
AE 47 23 3
AE 28 17 1
AE 14 23 6
AE 9 34 11
AE 35 47 4
AE 15 22 5
AE 43 20 10
AE 46 39 2
AE 45 5 10
AE 16 47 13
AE 39 27 15
AE 6 20 1
AE 40 13 6
AE 50 24 13
AE 24 30 7
AE 42 45 3
AE 3 11 8
AE 50 12 15
AE 13 11 13
AE 9 13 12
AE 26 50 3
AE 17 25 4
AE 1 32 12
AE 14 39 6
AE 11 45 4
AE 31 1 4
AE 18 5 6
AE 47 40 1
AE 40 37 10
AE 10 18 7
AE 34 42 6
AE 25 35 3
AE 17 36 4
AE 22 21 14
AE 1 10 2
AE 22 36 13
AE 48 7 12
AE 35 20 3
AE 46 21 2
AE 20 36 6
AE 33 14 11
AE 39 22 10
AE 18 6 10
AE 16 29 13
AE 13 40 13
AE 15 36 8
AE 7 31 5
AE 8 25 13
AE 49 34 12
AE 29 2 5
AE 5 38 2
AE 2 40 10
AE 22 3 5
AE 39 49 7
AE 46 3 3
AE 20 5 8
AE 17 16 15
AE 46 15 11
AE 47 26 12
AE 9 4 3
AE 48 40 14
AE 22 1 9
AE 3 34 14
AE 2 7 9
AE 18 47 10
AE 37 18 14
AE 44 33 9
AE 43 48 9
AE 48 42 10
AE 23 44 5
AE 9 31 13
AE 49 5 12
AE 21 10 9
AE 1 17 15
AE 8 13 7
AE 28 16 3
AE 26 6 1
AE 29 42 1
AE 6 25 13
AE 13 21 9
AE 41 6 12
AE 3 40 10
AE 22 29 10
AE 47 35 8
AE 46 18 14
AE 15 18 10
AE 36 17 12
AE 31 20 9
AE 18 20 5
AE 31 2 10
AE 14 18 11
AE 20 1 15
AE 39 6 12
AE 4 22 15
AE 50 37 15
AE 33 38 13
AE 31 24 11
AE 28 2 4
AE 39 19 13
AE 49 25 15
AE 1 39 8
AE 49 1 12
AE 46 35 6
AE 47 5 2
AE 43 44 5
AE 24 2 13
AE 13 38 9
AE 24 1 13
AE 43 36 13
AE 45 48 3
AE 47 49 12
AE 42 41 6
AE 42 38 15
AE 25 46 6
AE 1 16 11
AE 24 7 1
AE 24 48 1
AE 20 25 11
AE 25 2 5
AE 37 46 6
AE 42 4 4
AE 29 11 1
AE 14 43 10
AE 39 33 14
AE 43 5 11
AE 19 2 7
AE 42 33 4
AE 31 50 9
AE 10 14 8
AE 27 6 14
AE 15 50 10
AE 47 30 2
AE 33 3 2
AE 41 35 4
AE 36 44 11
AE 42 40 1
AE 19 8 1
AE 13 5 10
AE 7 3 7
AE 27 48 12
AE 14 38 14
AE 4 40 3
AE 17 46 4
AE 24 29 10
AE 1 49 8
AE 30 43 14
AE 37 7 6
AE 19 14 13
AE 16 15 7
AE 25 38 15
AE 23 13 3
AE 43 18 7
AE 45 27 9
AE 35 24 5
AE 37 27 15
AE 26 48 7
AE 49 42 11
AE 22 42 10
AE 4 46 10
AE 2 25 7
AE 16 28 1
AE 40 15 7
AE 26 39 9
AE 46 48 9
AE 13 1 14
AE 14 29 11
AE 38 22 2
AE 16 13 5
AE 46 4 9
AE 23 50 1
AE 8 10 10
AE 4 47 6
AE 18 25 10
AE 12 14 9
AE 39 10 8
AE 4 28 8
AE 6 44 14
AE 16 25 11
AE 10 44 5
AE 5 18 8
AE 10 4 15
AE 25 9 9
AE 42 19 4
AE 33 31 8
AE 13 25 15
AE 48 45 5
AE 44 31 5
AE 36 5 8
AE 19 24 12
AE 40 49 3
AE 38 23 4
AE 49 29 7
AE 44 39 7
AE 11 35 1
AE 22 44 4
AE 49 48 7
AE 49 12 11
AE 35 16 4
AE 32 12 10
AE 21 5 11
AE 35 46 15
AE 25 21 2
AE 32 34 9
AE 42 2 7
AE 4 27 12
AE 18 45 1
AE 36 20 2
AE 26 5 9
AE 16 45 10
AE 11 20 9
AE 38 15 1
AE 10 34 5
AE 23 22 10
AE 45 30 3
AE 3 27 3
AE 1 46 2
AE 7 12 7
AE 7 32 12
AE 1 25 6
AE 39 48 11
AE 18 19 7
AE 17 43 15
AE 17 13 15
AE 24 46 3
AE 2 20 4
AE 16 27 1
AE 34 25 2
AE 50 13 7
AE 24 26 6
AE 23 30 11
AE 3 36 1
AE 34 36 12
AE 26 27 13
AE 8 38 11
AE 25 24 3
AE 40 28 4
AE 20 14 1
AE 29 5 15
AE 12 44 10
AE 46 20 5
AE 1 5 4
AE 25 36 7
AE 14 22 5
AE 20 3 14
AE 34 37 9
AE 11 13 12
AE 2 9 13
AE 10 50 12
AE 29 21 2
AE 39 40 6
AE 21 49 7
AE 23 16 10
AE 45 25 3
AE 30 49 10
AE 16 5 5
AE 11 26 13
AE 22 27 4
AE 8 20 12
AE 29 45 2
AE 43 13 11
AE 45 14 4
AE 26 19 2
AE 25 33 1
AE 40 16 12
AE 11 8 1
AE 44 34 5
AE 39 13 2
AE 10 17 14
AE 44 15 12
AE 42 6 13
AE 9 27 15
AE 44 45 3
AE 44 16 5
AE 33 35 1
AE 13 20 9
AE 9 37 7
AE 21 8 1
AE 23 2 4
AE 2 42 12
AE 45 35 3
AE 39 25 2
AE 2 37 4
AE 8 24 12
AE 24 6 12
AE 48 25 1
AE 45 3 12
AE 19 20 10
AE 7 20 11
AE 2 10 12
AE 42 28 8
AE 20 6 15
AE 45 9 3
AE 2 4 4
AE 7 30 13
AE 14 41 13
AE 10 33 2
AE 33 26 8
AE 50 48 7
AE 39 5 11
AE 43 6 8
AE 28 7 7
AE 38 43 1
AE 44 42 2
AE 2 45 12
AE 48 43 8
AE 23 3 2
AE 34 11 7
AE 22 41 11
AE 24 31 1
AE 43 35 11
AE 26 46 7
AE 15 23 1
AE 18 15 4
AE 32 27 4
AE 9 39 8
AE 21 44 8
AE 16 49 6
AE 10 31 9
AE 36 35 4
AE 17 2 3
AE 34 24 12
AE 41 45 8
AE 28 23 3
AE 18 40 15
AE 36 14 6
AE 31 13 13
AE 6 38 3
AE 24 34 3
AE 4 39 3
AE 14 30 12
AE 30 4 9
AE 41 4 5
AE 22 17 9
AE 29 35 6
AE 11 6 12
AE 17 14 11
AE 11 41 9
AE 6 35 1
AE 48 38 4
AE 48 21 14
AE 8 17 13
AE 24 11 13
AE 29 43 14
AE 10 22 10
AE 40 8 6
AE 39 18 9
AE 8 12 11
AE 1 13 4
AE 37 43 6
AE 22 40 1
AE 1 24 3
AE 23 46 11
AE 29 3 5
AE 48 49 6
AE 21 37 13
AE 17 32 10
AE 48 35 5
AE 37 44 12
AE 44 5 6
AE 33 44 11
AE 8 3 4
AE 28 27 12
AE 38 12 12
AE 23 31 1
AE 33 50 2
AE 23 28 8
AE 35 6 9
AE 39 37 1
AE 28 24 13
AE 26 1 14
AE 18 42 7
AE 25 27 7
AE 41 48 8
AE 2 21 7
AE 13 27 9
AE 19 17 7
AE 1 28 3
AE 4 10 4
AE 39 4 3
AE 38 3 7
AE 31 21 14
AE 8 28 7
AE 10 40 1
AE 6 22 11
AE 15 48 13
AE 23 7 2
AE 21 13 14
AE 21 6 15
AE 6 14 8
AE 37 29 3
AE 23 20 15
AE 43 4 9
AE 39 30 14
AE 27 12 5
AE 29 28 10
AE 40 39 9
AE 39 43 1
AE 30 5 9
AE 32 10 14
AE 31 44 9
AE 35 8 15
AE 20 8 15
AE 46 40 4
AE 33 37 7
AE 14 7 6
AE 48 1 1
AE 5 39 1
AE 13 29 9
AE 14 35 1
AE 6 2 7
AE 32 37 10
AE 25 28 1
AE 42 21 13
AE 24 40 1
AE 19 38 11
AE 4 31 3
AE 47 24 6
AE 15 4 11
AE 27 7 6
AE 19 23 11
AE 40 31 1
AE 5 42 11
AE 31 17 6
AE 6 17 6
AE 11 30 14
AE 40 50 7
AE 12 47 6
AE 11 31 8
AE 42 46 14
AE 7 25 7
AE 5 12 12
AE 36 41 12
AE 36 49 10
AE 8 49 1
AE 7 37 6
AE 5 36 14
AE 41 37 15
AE 36 4 13
AE 32 7 10
AE 41 47 9
AE 20 49 2
AE 25 34 5
AE 27 2 14
AE 32 19 14
AE 8 27 3
AE 41 23 15
AE 19 45 13
AE 41 1 3
AE 48 34 10
AE 1 22 7
AE 23 34 11
AE 49 37 14
AE 3 47 7
AE 44 43 12
AE 39 41 1
AE 46 12 9
AE 43 24 14
AE 12 17 4
AE 43 42 5
AE 40 10 7
AE 40 5 5
AE 25 23 3
AE 16 36 8
AE 50 38 13
AE 13 3 5
AE 33 6 12
AE 50 8 13
AE 9 6 1
AE 47 25 6
AE 49 3 14
AE 7 29 15
AE 44 29 8
AE 36 39 14
AE 11 43 12
AE 2 41 4
AE 12 38 8
AE 29 39 3
AE 24 3 13
AE 16 33 11
AE 45 19 13
AE 10 45 13
AE 8 40 7
AE 44 21 1
AE 5 43 8
AE 25 18 5
AE 12 10 10
AE 7 47 10
AE 35 40 10
AE 46 24 5
AE 26 12 10
AE 33 13 13
AE 8 45 12
AE 18 8 2
AE 4 44 10
AE 47 45 6
AE 42 15 7
AE 16 39 4
AE 11 10 3
AE 8 48 1
AE 3 29 15
AE 19 22 5
AE 1 50 2
AE 24 10 12
AE 42 35 1
AE 44 24 2
AE 35 34 3
AE 1 11 7
AE 49 45 7
AE 35 10 12
AE 7 49 10
AE 30 3 2
AE 31 7 4
AE 19 3 2
AE 31 38 13
AE 16 32 15
AE 1 18 12
AE 46 41 2
AE 50 30 6
AE 31 32 9
AE 7 5 14
AE 10 2 2
AE 39 47 3
AE 29 24 6
AE 11 19 13
AE 13 50 14
AE 20 13 2
AE 13 34 9
AE 19 27 12
AE 14 31 8
AE 48 14 8
AE 29 34 9
AE 9 12 11
AE 38 35 9
AE 47 46 9
AE 18 29 3
AE 36 2 13
AE 36 43 4
AE 21 47 3
AE 45 8 15
AE 16 31 9
AE 46 2 2
AE 27 46 12
AE 9 11 6
AE 43 26 7
AE 10 5 5
AE 15 32 8
AE 38 42 9
AE 35 19 10
AE 6 42 10
AE 34 20 9
AE 41 40 10
AE 24 42 9
AE 7 38 5
AE 30 22 6
AE 21 1 9
AE 31 9 11
AE 10 16 7
AE 10 37 12
AE 29 8 11
AE 47 29 2
AE 3 35 10
AE 16 9 12
AE 25 50 15
AE 49 36 6
AE 41 10 6
AE 39 34 7
AE 35 7 4
AE 16 46 7
AE 34 19 2
AE 8 43 14
AE 39 1 12
AE 24 50 4
AE 20 12 7
AE 35 38 4
AE 13 43 3
AE 12 34 7
AE 44 1 8
AE 23 40 14
AE 7 35 7
AE 12 36 1
AE 14 47 8
AE 37 45 5
AE 35 43 2
AE 37 33 9
AE 37 8 14
AE 42 49 11
AE 34 9 8
AE 36 1 5
AE 15 13 12
AE 13 37 2
AE 21 46 1
AE 17 33 8
AE 14 16 9
AE 4 21 4
AE 2 30 2
AE 32 18 14
AE 22 4 10
AE 5 35 9
AE 6 36 8
AE 39 28 7
AE 12 20 7
AE 44 3 15
AE 41 12 13
AE 18 32 12
AE 12 30 14
AE 46 6 8
AE 44 11 6
AE 18 34 9
AE 7 40 12
AE 38 8 3
AE 20 22 13
AE 9 44 15
AE 3 46 15
AE 2 44 2
AE 9 32 3
AE 25 41 8
AE 1 19 11
AE 2 16 3
AE 2 38 8
AE 30 15 5
AE 21 50 5
AE 46 50 3
AE 4 25 7
AE 13 8 8
AE 24 47 3
AE 31 12 3
AE 38 29 6
AE 15 10 5
AE 22 43 14
AE 21 43 13
AE 22 25 10
AE 46 27 6
AE 7 42 5
AE 33 10 1
AE 3 21 11
AE 19 28 1
AE 44 17 6
AE 50 19 10
AE 33 41 12
AE 12 16 1
AE 28 6 5
AE 38 44 9
AE 41 20 13
AE 45 11 6
AE 34 18 5
AE 30 50 6
AE 39 50 5
AE 29 40 1
AE 1 15 2
AE 43 46 2
AE 41 21 15
AE 42 25 6
AE 8 35 12
AE 14 10 8
AE 25 49 8
AE 12 19 10
AE 42 50 11
AE 29 49 1
AE 27 26 6
AE 38 19 1
AE 42 1 12
AE 38 39 4
AE 38 48 3
AE 33 12 5
AE 35 42 13
AE 13 4 9
AE 33 46 15
AE 45 1 14
AE 21 42 2
AE 22 32 6
AE 26 23 11
AE 3 22 10
AE 30 10 11
AE 31 16 8
AE 8 22 5
AE 32 39 11
AE 45 32 7
AE 38 46 1
AE 45 50 12
AE 25 31 13
AE 43 34 2
AE 17 47 4
AE 9 25 4
AE 24 22 4
AE 5 21 11
AE 19 34 6
AE 25 39 9
AE 4 45 13
AE 11 36 7
AE 42 10 9
AE 37 38 3
AE 29 41 10
AE 5 50 13
AE 40 47 7
AE 31 3 6
AE 23 12 6
AE 8 4 7
AE 36 33 13
AE 14 1 7
AE 4 6 5
AE 11 40 15
AE 49 7 4
AE 32 14 8
AE 49 44 2
AE 1 38 5
AE 6 45 11
AE 21 31 6
AE 12 41 8
AE 37 19 15
AE 32 50 4
AE 28 3 5
AE 13 42 7
AE 44 4 14
AE 50 46 8
AE 27 5 8
AE 17 20 9
AE 45 18 6
AE 29 47 4
AE 3 31 15
AE 4 50 4
AE 26 29 3
AE 15 44 4
AE 17 12 3
AE 44 25 3
AE 26 31 15
AE 6 28 6
AE 3 18 3
AE 2 26 6
AE 18 11 5
AE 31 40 1
AE 8 26 13
AE 49 14 12
AE 1 48 15
AE 30 47 5
AE 19 50 6
AE 39 24 8
AE 28 37 7
AE 28 21 8
AE 37 5 9
AE 38 1 11
AE 10 43 1
AE 22 28 6
AE 14 4 12
AE 46 31 14
AE 22 20 12
AE 41 34 12
AE 18 21 3
AE 35 28 5
AE 35 36 5
AE 2 17 10
AE 36 34 6
AE 40 30 12
AE 3 10 2
AE 6 5 14
AE 23 39 12
AE 24 17 11
AE 2 28 4
AE 42 22 9
AE 16 10 3
AE 37 39 15
AE 41 8 13
AE 48 33 8
AE 45 31 1
AE 28 48 10
AE 32 25 1
AE 40 21 7
AE 39 31 8
AE 36 10 2
AE 42 48 2
AE 14 24 14
AE 46 16 15
AE 23 48 7
AE 3 14 9
AE 21 14 14
AE 27 13 12
AE 41 15 13
AE 45 22 14
AE 40 46 9
AE 27 42 7
AE 20 44 9
AE 45 7 10
AE 44 12 2
AE 18 3 12
AE 10 28 11
AE 16 37 3
AE 32 31 9
AE 46 7 1
AE 26 2 12
AE 12 9 7
AE 19 44 10
AE 38 41 9
AE 25 30 6
AE 20 23 4
AE 5 26 10
AE 48 4 12
AE 27 15 4
AE 28 42 9
AE 34 6 5
AE 50 44 7
AE 4 18 10
AE 4 38 7
AE 38 36 3
AE 50 29 1
AE 32 29 11
AE 18 14 5
AE 47 16 15
AE 25 20 14
AE 11 33 8
AE 46 5 5
AE 36 32 12
AE 12 40 8
AE 15 3 6
AE 27 41 12
AE 44 8 12
AE 20 48 6
AE 4 35 10
AE 24 49 4
AE 27 10 14
AE 43 33 7
AE 49 10 7
AE 49 18 2
AE 1 26 14
AE 18 12 10
AE 21 35 12
AE 1 42 9
AE 32 11 3
AE 35 13 12
AE 13 26 9
AE 21 17 15
AE 21 23 15
AE 14 11 2
AE 29 37 2
AE 37 3 1
AE 35 48 8
AE 36 13 8
AE 19 35 13
AE 46 1 14
AE 1 43 5
AE 19 37 10
AE 21 29 13
AE 38 9 14
AE 26 32 3
AE 13 35 2
AE 1 9 6
AE 30 13 3
AE 39 2 8
AE 34 29 5
AE 22 31 15
AE 5 10 14
AE 3 16 14
AE 15 29 12
AE 41 29 4
AE 18 33 8
AE 17 50 12
AE 2 18 12
AE 40 14 1
AE 39 29 4
AE 26 18 15
AE 4 34 11
AE 49 38 12
AE 41 14 4
AE 5 15 11
AE 28 18 13
AE 33 19 6
AE 45 17 9
AE 7 34 5
AE 50 7 3
AE 43 9 10
AE 28 1 3
AE 19 32 1
AE 6 1 5
AE 7 19 2
AE 13 36 1
AE 44 27 7
AE 27 47 7
AE 28 39 15
AE 13 28 4
AE 5 25 7
AE 31 10 4
AE 19 42 7
AE 20 31 7
AE 32 8 7
AE 25 7 3
AE 32 1 1
AE 40 34 9
AE 32 16 10
AE 15 35 2
AE 35 12 2
AE 20 15 1
AE 9 33 5
AE 41 36 2
AE 42 29 11
AE 50 40 5
AE 26 42 11
AE 34 10 1
AE 28 25 2
AE 45 34 15
AE 50 4 15
AE 46 22 10
AE 47 13 7
AE 7 18 2
AE 34 14 8
AE 3 32 9
AE 41 28 6
AE 11 37 4
AE 6 40 13
AE 24 8 11
AE 32 15 11
AE 26 30 13
AE 18 24 15
AE 31 29 6
AE 2 39 12
AE 41 3 6
AE 19 4 15
AE 28 29 2
AE 12 42 14
AE 33 49 4
AE 28 38 4
AE 7 9 4
AE 26 40 13
AE 5 23 6
AE 37 41 11
AE 38 45 6
AE 43 23 1
AE 33 15 13
AE 15 8 1
AE 23 33 5
AE 3 50 2
AE 5 49 11
AE 9 1 15
AE 31 5 3
AE 34 40 13
AE 50 21 13
AE 2 11 15
AE 19 33 13
AE 28 8 13
AE 9 15 2
AE 50 2 5
AE 35 37 1
AE 14 5 2
AE 36 30 13
AE 30 40 8
AE 22 37 1
AE 14 45 4
AE 39 35 11
AE 22 50 2
AE 21 19 11
AE 25 43 15
AE 9 8 4
AE 36 28 8
AE 19 47 13
AE 36 9 11
AE 40 23 14
AE 42 3 5
AE 31 42 1
AE 36 19 5
AE 7 33 8
AE 41 27 8
AE 4 24 9
AE 22 7 14
AE 29 31 9
AE 21 27 9
AE 43 16 12
AE 44 36 2
AE 22 12 3
AE 23 18 5
AE 1 6 5
AE 17 31 1
AE 30 45 8
AE 34 1 11
AE 30 34 12
AE 28 45 4
AE 9 41 5
AE 23 21 9
AE 46 26 6
AE 47 21 7
AE 5 14 8
AE 20 28 1
AE 37 32 6
AE 32 17 6
AE 3 9 8
AE 27 30 13
AE 13 44 10
AE 1 3 11
AE 3 17 12
AE 30 41 4
AE 37 13 10
AE 28 46 6
AE 44 37 13
AE 50 32 2
AE 7 10 2
AE 42 11 8
AE 46 8 3
AE 47 18 4
AE 2 47 1
AE 21 16 1
AE 45 24 4
AE 7 28 4
AE 19 30 9
AE 37 48 7
AE 30 42 11
AE 31 14 1
AE 10 35 6
AE 38 40 15
AE 8 39 5
AE 48 30 2
AE 13 18 15
AE 2 3 10
AE 3 26 12
AE 21 3 3
AE 35 18 5
AE 15 11 15
AE 46 32 8
AE 1 44 8
AE 4 20 13
AE 45 38 1
AE 46 38 7
AE 43 22 12
AE 21 7 13
AE 32 48 3
AE 11 5 2
AE 47 28 15
AE 50 33 8
AE 47 6 14
AE 20 34 7
AE 48 37 13
AE 36 47 14
AE 15 1 1
AE 45 42 12
AE 28 13 9
AE 26 33 12
AE 26 43 2
AE 41 50 6
AE 8 46 12
AE 30 6 12
AE 7 48 9
AE 9 30 6
AE 3 41 15
AE 26 22 14
AE 42 14 5
AE 15 45 4
AE 24 33 13
AE 34 30 15
AE 22 11 5
AE 33 20 9
AE 41 7 15
AE 16 26 4
AE 45 6 2
AE 33 7 5
AE 49 9 11
AE 38 26 3
AE 39 21 7
AE 50 41 14
AE 36 23 14
AE 27 24 15
AE 40 35 1
AE 23 11 9
AE 15 25 5
AE 5 40 6
AE 26 24 14
AE 10 27 13
AE 24 45 13
AE 8 15 1
AE 49 46 6
AE 27 25 12
AE 26 34 13
AE 14 8 14
AE 39 8 13
AE 41 16 2
AE 18 10 14
AE 28 31 13
AE 17 38 11
AE 30 17 13
AE 29 30 2
AE 29 22 10
AE 26 36 6
AE 7 50 5
AE 18 26 4
AE 26 37 1
AE 48 27 4
AE 40 1 12
AE 35 17 3
AE 24 23 5
AE 43 15 9
AE 35 2 11
AE 22 48 4
AE 5 11 8
AE 50 23 8
AE 38 11 13
AE 42 7 12
AE 27 40 9
AE 23 32 14
AE 19 9 6
AE 31 46 15
AE 33 25 15
AE 7 22 13
AE 17 22 12
AE 35 26 15
AE 10 21 8
AE 44 9 7
AE 28 32 13
AE 22 45 4
AE 36 50 1
AE 36 8 11
AE 12 18 13
AE 26 10 4
AE 34 5 8
AE 19 39 13
AE 1 12 6
AE 40 4 2
AE 31 18 7
AE 39 42 10
AE 30 35 12
AE 48 16 14
AE 8 37 4
AE 40 3 13
AE 9 21 11
AE 16 14 6
AE 10 47 12
AE 23 8 1
AE 2 22 6
AE 36 45 11
AE 2 43 3
AE 20 26 1
AE 49 11 12
AE 27 28 6
AE 23 1 8
AE 42 18 2
AE 34 47 12
AE 39 26 6
AE 14 37 14
AE 36 12 13
AE 26 16 8
AE 41 19 10
AE 5 28 5
AE 15 6 13
AE 2 34 10
AE 22 38 11
AE 10 1 12
AE 11 49 4
AE 36 15 3
AE 43 38 3
AE 9 43 5
AE 15 33 15
AE 46 9 12
AE 49 23 3
AE 25 19 9
AE 44 22 9
AE 14 19 7
AE 25 32 6
AE 1 7 13
AE 31 19 8
AE 44 41 2
AE 50 11 9
AE 15 40 4
AE 29 12 8
AE 8 21 9
AE 26 7 5
AE 4 16 2
AE 21 30 13
AE 27 16 8
AE 45 10 5
AE 31 48 12
AE 8 47 10
AE 44 47 4
AE 30 16 3
AE 21 28 11
AE 49 17 10
AE 27 9 14
AE 27 43 11
AE 34 15 14
AE 13 39 6
AE 22 10 5
AE 40 43 11
AE 1 35 3
AE 30 38 6
AE 15 27 3
AE 16 40 6
AE 9 46 9
AE 6 33 5
AE 32 9 6
AE 8 7 15
AE 6 18 1
AE 41 46 6
AE 28 10 13
AE 29 1 5
AE 37 28 2
AE 22 23 9
AE 16 22 4
AE 33 48 7
AE 38 14 5
AE 32 13 12
AE 18 46 2
AE 25 15 2
AE 38 28 2
AE 38 17 5
AE 29 32 12
AE 48 22 6
AE 6 4 6
AE 28 33 10
AE 13 32 2
AE 26 8 1
AE 2 14 1
AE 22 14 14
AE 46 28 5
AE 35 14 1
AE 20 17 14
AE 30 19 9
AE 31 22 14
AE 38 5 6
AE 26 47 15
AE 41 5 8
AE 49 8 5
AE 7 21 13
AE 21 41 9
AE 41 18 3
AE 32 47 8
AE 3 6 5
AE 9 20 3
AE 31 4 9
AE 7 4 12
AE 8 41 1
AE 19 10 14
AE 32 26 8
AE 45 36 12
AE 21 2 7
AE 20 30 2
AE 50 10 6
AE 14 13 4
AE 6 39 10
AE 47 42 7
AE 29 36 9
AE 28 40 8
AE 3 13 2
AE 29 14 8
AE 8 11 13
AE 42 17 13
AE 23 6 13
AE 22 2 3
AE 40 27 10
AE 7 2 9
AE 29 9 7
AE 44 14 14
AE 15 9 6
AE 50 18 7
AE 34 35 7
AE 42 30 9
AE 21 48 2
AE 33 30 13
AE 33 16 7
AE 28 34 3
AE 49 39 6
AE 17 28 13
AE 15 39 12
AE 19 13 5
AE 30 33 14
AE 11 14 2
AE 43 25 4
AE 41 25 2
AE 50 22 11
AE 18 23 5
AE 43 12 9
AE 50 3 5
AE 48 44 4
AE 21 18 4
AE 18 2 10
AE 16 3 1
AE 32 33 12
AE 6 12 12
AE 40 38 4
AE 19 7 6
AE 45 4 11
AE 19 5 11
AE 32 38 12
AE 39 12 15
AE 4 12 14
AE 33 45 4
AE 33 22 2
AE 5 9 13
AE 4 26 9
AE 31 25 10
AE 33 28 7
AE 3 44 4
AE 18 43 14
AE 6 29 11
AE 17 49 4
AE 11 24 13
AE 39 15 14
AE 26 44 7
AE 37 4 5
AE 26 38 6
AE 40 18 15
AE 12 2 13
AE 24 20 10
AE 17 1 13
AE 3 2 5
AE 3 7 12
AE 10 32 12
AE 37 21 14
AE 25 8 10
AE 50 15 9
AE 16 4 5
AE 31 34 6
AE 12 24 4
AE 28 30 13
AE 12 49 12
AE 7 39 10
AE 16 1 1
AE 48 32 15
AE 39 20 13
AE 31 43 3
AE 34 33 11
AE 14 6 5
AE 30 25 9
AE 37 24 1
AE 29 50 6
AE 25 6 4
AE 4 14 12
AE 30 12 6
AE 39 45 4
AE 50 5 8
AE 29 46 15
AE 11 27 13
AE 35 31 3
AE 15 14 6
AE 22 30 7
AE 15 26 8
AE 27 36 8
AE 42 5 6
AE 18 41 3
AE 13 9 7
AE 6 32 1
AE 17 42 2
AE 3 12 3
AE 33 21 1
AE 45 28 13
AE 44 35 11
AE 16 12 14
AE 27 44 7
AE 27 37 2
AE 23 24 1
AE 48 46 4
AE 29 38 10
AE 35 41 10
AE 22 15 4
AE 40 6 11
AE 49 43 3
AE 17 37 9
AE 49 27 3
AE 43 39 9
AE 10 3 6
AE 23 41 6
AE 26 4 2
AE 43 40 6
AE 8 33 12
AE 32 45 2
AE 24 13 9
AE 37 11 6
AE 44 10 11
AE 43 29 13
AE 41 2 2
AE 34 38 13
AE 10 38 8
AE 11 1 7
AE 20 38 14
AE 38 34 8
AE 24 9 8
AE 37 1 2
AE 43 50 3
AE 14 40 5
AE 34 50 11
AE 10 12 5
AE 9 47 8
AE 16 42 15
AE 3 43 4
AE 48 39 10
AE 10 20 11
AE 44 13 2
AE 27 29 3
AE 23 10 14
AE 23 5 3
AE 29 6 2
AE 31 47 1
AE 47 17 7
AE 32 35 15
AE 17 26 11
AE 20 18 10
AE 45 46 9
AE 28 35 14
AE 11 50 7
AE 20 35 4
AE 10 42 14
AE 14 17 14
AE 41 17 8
AE 28 44 2
AE 12 46 12
AE 16 43 14
AE 3 19 12
AE 18 1 6
AE 9 42 7
AE 7 1 12
AE 42 8 9
AE 35 39 9
AE 42 39 14
AE 49 21 6
AE 12 11 12
AE 26 35 4
AE 12 4 11
AE 45 37 8
AE 42 27 15
AE 23 26 11
AE 5 20 9
AE 30 46 5
AE 12 15 10
AE 6 15 6
AE 48 24 7
AE 43 28 9
AE 12 35 13
AE 12 26 2
AE 16 20 13
AE 26 17 5
AE 20 19 4
AE 5 32 11
AE 20 9 13
AE 31 8 3
AE 15 42 11
AE 30 27 5
AE 46 34 12
AE 33 42 3
AE 17 5 10
AE 47 48 7
AE 20 21 6
AE 16 23 3
AE 12 45 5
AE 9 38 2
AE 50 49 14
AE 45 29 6
AE 49 6 3
AE 18 31 1
AE 25 5 6
AE 40 11 8
AE 31 26 14
AE 31 30 15
AE 44 46 5
AE 40 36 11
AE 22 16 15
AE 32 5 3
AE 9 17 15
AE 50 20 6
AE 20 37 9
AE 2 13 11
AE 18 35 10
AE 15 37 2
AE 8 6 8
AE 22 6 12
AE 24 38 15
AE 50 36 8
AE 4 23 7
AE 32 41 12
AE 9 45 14
AE 13 41 3
AE 8 14 12
AE 37 23 3
AE 10 15 9
AE 17 35 3
AE 14 3 8
AE 5 45 7
AE 4 33 10
AE 21 24 10
AE 20 45 6
AE 2 35 10
AE 2 15 12
AE 10 6 10
AE 37 17 6
AE 42 12 10
AE 4 17 9
AE 3 42 15
AE 50 39 4
AE 27 23 3
AE 8 18 14
AE 47 12 14
AE 19 16 6
AE 5 48 11
AE 23 27 5
AE 7 46 14
AE 47 10 15
AE 47 22 7
AE 2 49 5
AE 38 49 9
AE 42 31 14
AE 23 29 1
AE 22 39 4
AE 31 6 1
AE 11 44 14
AE 32 46 7
AE 17 34 15
AE 11 4 2
AE 17 3 9
AE 37 40 3
AE 16 17 9
AE 44 26 4
AE 32 2 5
AE 26 49 4
AE 25 37 14
AE 46 13 15
AE 9 35 12
AE 26 20 4
AE 6 49 14
AE 2 23 7
AE 37 14 14
AE 10 29 7
AE 37 20 4
AE 30 1 9
AE 1 41 11
AE 29 10 2
AE 23 37 14
AE 27 8 2
AE 28 19 9
AE 46 44 15
AE 23 17 6
AE 30 48 9
AE 28 5 14
AE 27 3 12
AE 19 26 12
AE 34 41 1
AE 18 13 7
AE 16 6 3
AE 20 4 3
AE 33 47 4
AE 49 28 11
AE 35 32 9
AE 35 50 5
AE 15 20 13
AE 27 50 1
AE 45 23 3
AE 39 9 4
AE 27 38 8
AE 50 42 14
AE 5 31 2
AE 30 14 13
AE 20 40 14
AE 4 48 9
AE 21 38 8
AE 22 5 15
AE 6 3 15
AE 25 22 1
AE 32 6 8
AE 35 15 5
AE 42 36 9
AE 1 29 5
AE 39 3 9
AE 21 26 13
AE 21 20 12
AE 38 4 6
AE 13 10 12
AE 29 27 4
AE 20 16 3
AE 6 34 11
AE 14 48 7
AE 50 35 6
AE 38 32 6
AE 14 27 8
AE 17 15 9
AE 38 10 6
AE 20 43 3
AE 13 23 2
AE 20 29 9
AE 15 7 6
AE 26 3 6
AE 47 41 14
AE 36 27 11
AE 18 30 6
AE 4 3 8
AE 6 30 13
AE 23 35 3
AE 24 36 5
AE 45 16 11
AE 25 29 6
AE 6 10 2
AE 44 19 13
AE 49 22 2
AE 25 11 3
AE 1 21 2
AE 46 23 15
AE 11 16 15
AE 31 35 13
AE 3 30 10
AE 7 17 7
AE 34 27 12
AE 28 14 6
AE 19 11 12
AE 46 11 12
AE 33 8 3
AE 28 49 14
AE 8 50 9
AE 50 34 13
AE 37 50 3
AE 40 42 7
AE 29 26 2
AE 39 16 5
AE 46 17 12
AE 21 34 1
AE 49 47 11
AE 27 1 5
AE 11 22 1
AE 44 20 5
AE 18 48 1
AE 18 44 14
AE 5 46 15
AE 50 27 6
AE 26 45 14
AE 50 26 5
AE 50 9 8
AE 26 28 8
AE 43 41 12
AE 15 49 7
AE 40 26 9
AE 31 33 3
AE 32 28 14
AE 37 9 7
AE 43 45 6
AE 47 37 2
AE 42 37 6
AE 5 19 8
AE 31 39 10
AE 14 34 13
AE 40 7 8
AE 11 48 14
AE 20 10 15
AE 45 43 14
AE 47 27 4
AE 17 40 8
AE 4 19 11
AE 22 24 10
AE 8 9 1
AE 24 39 4
AE 25 14 11
AE 11 3 8
AE 16 48 11
AE 42 43 9
AE 24 37 3
AE 48 15 11
AE 1 4 3
AE 24 19 8
AE 3 48 5
AE 33 32 8
AE 45 12 10
AE 5 30 4
AE 21 22 11
AE 7 6 4
AE 12 43 5
AE 24 12 15
AE 10 23 11
AE 15 5 1
AE 36 38 11
AE 14 46 8
AE 49 31 3
AE 36 46 7
AE 9 28 4
AE 49 2 15
AE 49 26 15
AE 35 29 8
AE 37 15 7
AE 40 20 11
AE 1 36 7
AE 42 24 14
AE 12 22 5
AE 3 23 3
AE 27 17 8
AE 23 19 13
AE 27 49 4
AE 48 3 6
AE 2 12 7
AE 32 30 14
AE 35 27 8
AE 35 44 1
AE 5 37 2
AE 29 20 6
AE 38 47 2
AE 21 25 1
AE 14 9 12
AE 18 22 3
AE 6 21 8
AE 37 6 4
AE 10 46 11
AE 34 8 2
AE 8 34 9
AE 20 32 8
AE 28 15 7
AE 1 37 5
AE 43 10 4
AE 29 25 9
AE 49 35 6
AE 39 17 7
AE 11 34 14
AE 20 47 5
AE 16 11 2
AE 15 16 7
AE 33 4 10
AE 47 2 5
AE 40 45 15
AE 43 2 5
AE 34 31 13
AE 14 36 1
AE 5 8 9
AE 30 44 5
AE 11 17 8
AE 40 33 11
AE 48 28 15
AE 15 30 10
AE 1 14 5
AE 18 17 5
AE 8 36 11
AE 1 27 9
AE 6 43 6
AE 33 39 3
AE 39 38 13
AE 46 14 4
AE 50 25 6
AE 42 32 10
AE 12 28 12
AE 24 21 3
AE 7 11 11
AE 37 2 9
AE 30 18 2
AE 34 44 1
AE 48 23 5
AE 45 13 15
AE 11 32 9
AE 9 36 2
AE 43 14 14
AE 48 10 2
AE 23 47 13
AE 6 47 11
AE 42 20 9
AE 37 16 11
AE 30 26 1
AE 31 23 2
AE 47 33 7
AE 37 47 7
AE 25 44 9
AE 24 27 10
AE 36 3 7
AE 22 46 15
AE 16 30 11
AE 32 40 2
AE 45 20 5
AE 31 27 6
AE 27 20 3
AE 14 2 4
AE 24 5 8
AE 36 16 1
AE 34 28 15
AE 12 39 12
AE 5 2 6
AE 4 11 2
AE 41 39 6
AE 12 6 4
AE 23 9 15
AE 8 42 3
AE 33 11 14
AE 21 39 1
AE 40 29 13
AE 25 26 13
AE 5 34 15
AE 23 15 14
AE 4 37 11
AE 19 29 4
AE 44 40 12
AE 28 47 6
AE 38 37 2
AE 34 16 10
AE 17 41 11
AE 18 50 4
AE 26 9 7
AE 47 20 3
AE 13 15 5
AE 1 20 7
AE 18 49 5
AE 35 49 11
AE 27 39 13
AE 41 43 2
AE 36 42 2
AE 15 28 2
AE 44 49 14
AE 3 15 13
AE 2 36 14
AE 49 50 9
AE 20 33 13
AE 40 22 6
AE 14 12 10
AE 43 1 6
AE 46 49 14
AE 35 11 15
AE 31 28 2
AE 17 6 15
AE 48 26 4
AE 49 41 4
AE 19 41 8
AE 5 29 7
AE 5 3 4
AE 34 45 6
AE 36 21 14
AE 2 24 11
AE 2 19 8
AE 18 38 11
AE 27 18 14
AE 37 25 6
AE 18 27 3
AE 40 32 6
AE 8 29 9
AE 9 49 13
AE 24 18 15
AE 30 8 14
AE 9 18 6
AE 33 5 13
AE 49 30 15
AE 16 44 9
AE 45 40 12
AE 11 29 14
AE 23 38 13
AE 46 45 12
AE 7 27 1
AE 41 31 14
AE 2 33 4
AE 21 32 2
AE 9 50 3
AE 7 23 6
AE 12 23 13
AE 32 4 13
AE 50 14 7
AE 9 3 4
AE 49 40 12
AE 20 2 6
AE 12 29 8
AE 1 40 15
AE 6 31 14
AE 25 4 1
AE 1 23 2
AE 26 13 2
AE 33 43 3
AE 24 15 3
AE 19 49 6
AE 17 48 2
AE 41 24 8
AE 1 8 2
AE 34 23 6
AE 48 31 12
AE 31 15 8
AE 38 20 7
AE 28 50 9
AE 27 19 15
AE 18 16 4
AE 36 6 15
AE 30 39 5
AE 48 18 1
AE 48 12 5
AE 49 20 15
AE 45 15 4
AE 17 8 7
AE 8 23 13
AE 42 34 12
AE 5 6 1
AE 48 17 11
AE 44 48 14
AE 13 7 2
AE 45 47 2
AE 38 16 3
AE 43 32 7
AE 41 33 2
AE 50 16 10
AE 32 43 11
AE 39 7 5
AE 4 29 1
AE 18 4 15
AE 8 31 13
AE 50 47 6
AE 36 26 10
AE 21 15 9
AE 36 25 3
AE 1 45 7
AE 25 1 3
AE 41 38 13
AE 12 37 10
AE 39 36 11
AE 48 19 5
AE 13 16 2
AE 6 48 6
AE 1 47 13
AE 6 27 6
AE 48 8 14
AE 37 49 2
AE 40 19 13
AE 41 49 1
AE 30 20 2
AE 40 24 4
AE 12 27 7
AE 24 32 7
AE 14 25 1
AE 37 34 13
AE 5 41 5
AE 34 46 4
AE 11 21 7
AE 15 17 2
AE 34 26 6
AE 9 19 15
AE 33 23 9
AE 22 35 7
AE 2 46 11
AE 5 4 3
AE 37 26 2
AE 9 29 13
AE 10 36 4
AE 38 27 5
AE 13 24 11
AE 11 15 1
AE 43 31 2
AE 36 18 15
AE 43 7 6
AE 12 5 10
AE 26 11 15
AE 9 14 8
AE 32 21 4
AE 22 9 2
AE 46 29 6
AE 36 40 13
AE 32 20 3
AE 9 5 15
AE 34 7 11
AE 38 21 9
AE 30 9 10
AE 28 20 5
AE 21 33 12
AE 10 25 2
AE 20 11 2
AE 13 17 2
AE 22 26 8
AE 6 13 3
AE 47 3 3
AE 32 3 12
AE 35 22 6
AE 30 2 10
AE 32 42 8
AE 35 33 15
AE 6 16 12
AE 40 12 6
AE 10 48 14
AE 31 49 2
AE 9 10 8
AE 16 24 6
AE 3 39 8
AE 42 23 4
AE 25 17 4
AE 27 32 14
AE 5 13 12
AE 42 13 6
AE 44 7 5
AE 21 11 5
AE 34 2 4
AE 10 13 6
AE 27 22 4
AE 47 11 7
AE 5 22 3
AE 45 41 7
AE 44 6 3
AE 13 31 11
AE 12 21 8
AE 25 13 13
AE 6 37 10
AE 36 11 14
AE 6 11 12
AE 33 27 11
AE 8 5 5
AE 36 48 12
AE 35 4 5
AE 14 49 1
AE 5 33 14
AE 20 39 15
AE 24 43 6
AE 10 39 9
AE 27 4 6
AE 46 25 3
AE 29 18 15
AE 3 24 3
AE 6 8 13
AE 24 25 8
AE 33 40 10
AE 22 34 5
AE 34 22 12
AE 28 26 2
AE 10 19 13
AE 16 8 4
AE 14 32 5
AE 11 47 4
AE 47 9 12
AE 13 19 10
AE 47 8 5
AE 47 4 1
AE 27 45 7
AE 30 31 12
AE 6 41 14
AE 14 33 3
AE 7 16 9
AE 31 36 7
AE 44 23 8
AE 23 4 3
U 5 16 3
U 5 16 0
U 23 14 3
U 23 14 0
U 17 9 3
U 17 9 0
U 46 43 3
U 46 43 0
U 4 43 3
U 4 43 0
U 13 6 3
U 13 6 0
U 9 48 3
U 9 48 0
U 5 1 3
U 5 1 0
U 14 15 3
U 14 15 0
U 38 25 3
U 38 25 0
U 19 31 3
U 19 31 0
U 10 7 3
U 10 7 0
U 27 11 3
U 27 11 0
U 20 46 3
U 20 46 0
U 1 31 3
U 1 31 0
U 3 33 3
U 3 33 0
U 9 16 3
U 9 16 0
U 48 6 3
U 48 6 0
U 43 11 3
U 43 11 0
U 38 31 3
U 38 31 0
U 38 18 3
U 38 18 0
U 34 32 3
U 34 32 0
U 30 29 3
U 30 29 0
U 6 23 3
U 6 23 0
U 40 9 3
U 40 9 0
U 8 32 3
U 8 32 0
U 4 13 3
U 4 13 0
U 49 33 3
U 49 33 0
U 50 31 3
U 50 31 0
U 11 9 3
U 11 9 0
U 7 26 3
U 7 26 0
U 41 32 3
U 41 32 0
U 47 36 3
U 47 36 0
U 16 41 3
U 16 41 0
U 43 49 3
U 43 49 0
U 47 44 3
U 47 44 0
U 37 42 3
U 37 42 0
U 17 29 3
U 17 29 0
U 29 23 3
U 29 23 0
U 33 9 3
U 33 9 0
U 14 20 3
U 14 20 0
U 4 49 3
U 4 49 0
U 15 38 3
U 15 38 0
U 39 32 3
U 39 32 0
U 25 3 3
U 25 3 0
U 37 22 3
U 37 22 0
U 19 43 3
U 19 43 0
U 50 6 3
U 50 6 0
U 6 19 3
U 6 19 0
U 11 28 3
U 11 28 0
U 46 37 3
U 46 37 0
U 36 31 3
U 36 31 0
U 9 26 3
U 9 26 0
U 45 26 3
U 45 26 0
U 17 44 3
U 17 44 0
U 26 25 3
U 26 25 0
U 4 7 3
U 4 7 0
U 1 30 3
U 1 30 0
U 20 42 3
U 20 42 0
U 48 36 3
U 48 36 0
U 11 18 3
U 11 18 0
U 29 7 3
U 29 7 0
U 23 43 3
U 23 43 0
U 24 28 3
U 24 28 0
U 34 48 3
U 34 48 0
U 46 19 3
U 46 19 0
U 28 4 3
U 28 4 0
U 8 44 3
U 8 44 0
U 42 16 3
U 42 16 0
U 14 21 3
U 14 21 0
U 40 17 3
U 40 17 0
U 25 47 3
U 25 47 0
U 38 24 3
U 38 24 0
U 49 4 3
U 49 4 0
U 41 42 3
U 41 42 0
U 31 45 3
U 31 45 0
U 43 17 3
U 43 17 0
U 19 21 3
U 19 21 0
U 9 23 3
U 9 23 0
U 16 7 3
U 16 7 0
U 11 2 3
U 11 2 0
U 1 34 3
U 1 34 0
U 35 23 3
U 35 23 0
U 2 48 3
U 2 48 0
U 34 3 3
U 34 3 0
U 34 49 3
U 34 49 0
U 8 19 3
U 8 19 0
U 32 24 3
U 32 24 0
U 23 49 3
U 23 49 0
U 11 7 3
U 11 7 0
U 10 9 3
U 10 9 0
U 41 13 3
U 41 13 0
U 41 30 3
U 41 30 0
U 33 29 3
U 33 29 0
U 43 30 3
U 43 30 0
U 11 23 3
U 11 23 0
U 15 34 3
U 15 34 0
U 6 7 3
U 6 7 0
U 6 26 3
U 6 26 0
U 29 13 3
U 29 13 0
U 28 41 3
U 28 41 0
U 47 39 3
U 47 39 0
U 13 48 3
U 13 48 0
U 9 40 3
U 9 40 0
U 2 29 3
U 2 29 0
U 19 48 3
U 19 48 0
U 4 1 3
U 4 1 0
U 28 22 3
U 28 22 0
U 13 49 3
U 13 49 0
U 35 5 3
U 35 5 0
U 39 11 3
U 39 11 0
U 41 11 3
U 41 11 0
U 15 19 3
U 15 19 0
U 34 21 3
U 34 21 0
U 40 48 3
U 40 48 0
U 47 15 3
U 47 15 0
U 24 4 3
U 24 4 0
U 44 28 3
U 44 28 0
U 49 13 3
U 49 13 0
U 12 48 3
U 12 48 0
U 37 30 3
U 37 30 0
U 1 33 3
U 1 33 0
U 19 1 3
U 19 1 0
U 43 27 3
U 43 27 0
U 48 11 3
U 48 11 0
U 5 24 3
U 5 24 0
U 23 36 3
U 23 36 0
U 30 32 3
U 30 32 0
U 23 42 3
U 23 42 0
U 25 12 3
U 25 12 0
U 25 40 3
U 25 40 0
U 36 29 3
U 36 29 0
U 30 11 3
U 30 11 0
U 22 8 3
U 22 8 0
U 40 44 3
U 40 44 0
U 42 44 3
U 42 44 0
U 12 25 3
U 12 25 0
U 41 44 3
U 41 44 0
U 43 19 3
U 43 19 0
U 40 41 3
U 40 41 0
U 3 37 3
U 3 37 0
U 9 22 3
U 9 22 0
U 5 47 3
U 5 47 0
U 37 36 3
U 37 36 0
U 33 17 3
U 33 17 0
U 44 30 3
U 44 30 0
U 43 8 3
U 43 8 0
U 24 41 3
U 24 41 0
U 46 47 3
U 46 47 0
U 2 6 3
U 2 6 0
U 17 18 3
U 17 18 0
U 5 17 3
U 5 17 0
U 15 24 3
U 15 24 0
U 38 2 3
U 38 2 0
U 19 6 3
U 19 6 0
U 10 30 3
U 10 30 0
U 31 37 3
U 31 37 0
U 47 32 3
U 47 32 0
U 22 13 3
U 22 13 0
U 4 8 3
U 4 8 0
U 27 21 3
U 27 21 0
U 44 18 3
U 44 18 0
U 8 16 3
U 8 16 0
U 2 31 3
U 2 31 0
U 8 30 3
U 8 30 0
U 44 38 3
U 44 38 0
U 36 22 3
U 36 22 0
U 29 48 3
U 29 48 0
U 39 44 3
U 39 44 0
U 12 8 3
U 12 8 0
U 7 14 3
U 7 14 0
U 13 12 3
U 13 12 0
U 35 30 3
U 35 30 0
U 41 26 3
U 41 26 0
U 16 35 3
U 16 35 0
U 37 35 3
U 37 35 0
U 3 8 3
U 3 8 0
U 17 11 3
U 17 11 0
U 33 18 3
U 33 18 0
U 13 14 3
U 13 14 0
U 16 18 3
U 16 18 0
U 24 14 3
U 24 14 0
U 49 24 3
U 49 24 0
U 44 50 3
U 44 50 0
U 19 36 3
U 19 36 0
U 28 9 3
U 28 9 0
U 35 9 3
U 35 9 0
U 40 2 3
U 40 2 0
U 41 22 3
U 41 22 0
U 22 19 3
U 22 19 0
U 15 41 3
U 15 41 0
U 10 49 3
U 10 49 0
U 25 16 3
U 25 16 0
U 48 9 3
U 48 9 0
U 39 46 3
U 39 46 0
U 10 11 3
U 10 11 0
U 30 37 3
U 30 37 0
U 21 12 3
U 21 12 0
U 18 28 3
U 18 28 0
U 49 16 3
U 49 16 0
U 2 5 3
U 2 5 0
U 25 42 3
U 25 42 0
U 15 47 3
U 15 47 0
U 49 15 3
U 49 15 0
U 36 24 3
U 36 24 0
U 38 6 3
U 38 6 0
U 48 47 3
U 48 47 0
U 11 38 3
U 11 38 0
U 34 43 3
U 34 43 0
U 7 13 3
U 7 13 0
U 18 37 3
U 18 37 0
U 48 5 3
U 48 5 0
U 47 19 3
U 47 19 0
U 2 32 3
U 2 32 0
U 35 1 3
U 35 1 0
U 19 46 3
U 19 46 0
U 17 4 3
U 17 4 0
U 12 1 3
U 12 1 0
U 7 44 3
U 7 44 0
U 16 19 3
U 16 19 0
U 3 28 3
U 3 28 0
U 29 16 3
U 29 16 0
U 47 23 3
U 47 23 0
U 14 23 3
U 14 23 0
U 35 47 3
U 35 47 0
U 43 20 3
U 43 20 0
U 45 5 3
U 45 5 0
U 39 27 3
U 39 27 0
U 40 13 3
U 40 13 0
U 24 30 3
U 24 30 0
U 3 11 3
U 3 11 0
U 13 11 3
U 13 11 0
U 26 50 3
U 26 50 0
U 1 32 3
U 1 32 0
U 11 45 3
U 11 45 0
U 18 5 3
U 18 5 0
U 40 37 3
U 40 37 0
U 34 42 3
U 34 42 0
U 17 36 3
U 17 36 0
U 1 10 3
U 1 10 0
U 48 7 3
U 48 7 0
U 46 21 3
U 46 21 0
U 33 14 3
U 33 14 0
U 18 6 3
U 18 6 0
U 13 40 3
U 13 40 0
U 7 31 3
U 7 31 0
U 49 34 3
U 49 34 0
U 5 38 3
U 5 38 0
U 22 3 3
U 22 3 0
U 46 3 3
U 46 3 0
U 17 16 3
U 17 16 0
U 47 26 3
U 47 26 0
U 48 40 3
U 48 40 0
U 3 34 3
U 3 34 0
U 18 47 3
U 18 47 0
U 44 33 3
U 44 33 0
U 48 42 3
U 48 42 0
U 9 31 3
U 9 31 0
U 21 10 3
U 21 10 0
U 8 13 3
U 8 13 0
U 26 6 3
U 26 6 0
U 6 25 3
U 6 25 0
U 41 6 3
U 41 6 0
U 22 29 3
U 22 29 0
U 46 18 3
U 46 18 0
U 36 17 3
U 36 17 0
U 18 20 3
U 18 20 0
U 14 18 3
U 14 18 0
U 39 6 3
U 39 6 0
U 50 37 3
U 50 37 0
U 31 24 3
U 31 24 0
U 39 19 3
U 39 19 0
U 1 39 3
U 1 39 0
U 46 35 3
U 46 35 0
U 43 44 3
U 43 44 0
U 13 38 3
U 13 38 0
U 43 36 3
U 43 36 0
U 47 49 3
U 47 49 0
U 42 38 3
U 42 38 0
U 1 16 3
U 1 16 0
U 24 48 3
U 24 48 0
U 25 2 3
U 25 2 0
U 42 4 3
U 42 4 0
U 14 43 3
U 14 43 0
U 43 5 3
U 43 5 0
U 42 33 3
U 42 33 0
U 10 14 3
U 10 14 0
U 15 50 3
U 15 50 0
U 33 3 3
U 33 3 0
U 36 44 3
U 36 44 0
U 19 8 3
U 19 8 0
U 7 3 3
U 7 3 0
U 14 38 3
U 14 38 0
U 17 46 3
U 17 46 0
U 1 49 3
U 1 49 0
U 37 7 3
U 37 7 0
U 16 15 3
U 16 15 0
U 23 13 3
U 23 13 0
U 45 27 3
U 45 27 0
U 37 27 3
U 37 27 0
U 49 42 3
U 49 42 0
U 4 46 3
U 4 46 0
U 16 28 3
U 16 28 0
U 26 39 3
U 26 39 0
U 13 1 3
U 13 1 0
U 38 22 3
U 38 22 0
U 46 4 3
U 46 4 0
U 8 10 3
U 8 10 0
U 18 25 3
U 18 25 0
U 39 10 3
U 39 10 0
U 6 44 3
U 6 44 0
U 10 44 3
U 10 44 0
U 10 4 3
U 10 4 0
U 42 19 3
U 42 19 0
U 13 25 3
U 13 25 0
U 44 31 3
U 44 31 0
U 19 24 3
U 19 24 0
U 38 23 3
U 38 23 0
U 44 39 3
U 44 39 0
U 22 44 3
U 22 44 0
U 49 12 3
U 49 12 0
U 32 12 3
U 32 12 0
U 35 46 3
U 35 46 0
U 32 34 3
U 32 34 0
U 4 27 3
U 4 27 0
U 36 20 3
U 36 20 0
U 16 45 3
U 16 45 0
U 38 15 3
U 38 15 0
U 23 22 3
U 23 22 0
U 3 27 3
U 3 27 0
U 7 12 3
U 7 12 0
U 1 25 3
U 1 25 0
U 18 19 3
U 18 19 0
U 17 13 3
U 17 13 0
U 2 20 3
U 2 20 0
U 34 25 3
U 34 25 0
U 24 26 3
U 24 26 0
U 3 36 3
U 3 36 0
U 26 27 3
U 26 27 0
U 25 24 3
U 25 24 0
U 20 14 3
U 20 14 0
U 12 44 3
U 12 44 0
U 1 5 3
U 1 5 0
U 14 22 3
U 14 22 0
U 34 37 3
U 34 37 0
U 2 9 3
U 2 9 0
U 29 21 3
U 29 21 0
U 21 49 3
U 21 49 0
U 45 25 3
U 45 25 0
U 16 5 3
U 16 5 0
U 22 27 3
U 22 27 0
U 29 45 3
U 29 45 0
U 45 14 3
U 45 14 0
U 25 33 3
U 25 33 0
U 11 8 3
U 11 8 0
U 39 13 3
U 39 13 0
U 44 15 3
U 44 15 0
U 9 27 3
U 9 27 0
U 44 16 3
U 44 16 0
U 13 20 3
U 13 20 0
U 21 8 3
U 21 8 0
U 2 42 3
U 2 42 0
U 39 25 3
U 39 25 0
U 8 24 3
U 8 24 0
U 48 25 3
U 48 25 0
U 19 20 3
U 19 20 0
U 2 10 3
U 2 10 0
U 20 6 3
U 20 6 0
U 2 4 3
U 2 4 0
U 14 41 3
U 14 41 0
U 33 26 3
U 33 26 0
U 39 5 3
U 39 5 0
U 28 7 3
U 28 7 0
U 44 42 3
U 44 42 0
U 48 43 3
U 48 43 0
U 34 11 3
U 34 11 0
U 24 31 3
U 24 31 0
U 26 46 3
U 26 46 0
U 18 15 3
U 18 15 0
U 9 39 3
U 9 39 0
U 16 49 3
U 16 49 0
U 36 35 3
U 36 35 0
U 34 24 3
U 34 24 0
U 28 23 3
U 28 23 0
U 36 14 3
U 36 14 0
U 6 38 3
U 6 38 0
U 4 39 3
U 4 39 0
U 30 4 3
U 30 4 0
U 22 17 3
U 22 17 0
U 11 6 3
U 11 6 0
U 11 41 3
U 11 41 0
U 48 38 3
U 48 38 0
U 8 17 3
U 8 17 0
U 29 43 3
U 29 43 0
U 40 8 3
U 40 8 0
U 8 12 3
U 8 12 0
U 37 43 3
U 37 43 0
U 1 24 3
U 1 24 0
U 29 3 3
U 29 3 0
U 21 37 3
U 21 37 0
U 48 35 3
U 48 35 0
U 44 5 3
U 44 5 0
U 8 3 3
U 8 3 0
U 38 12 3
U 38 12 0
U 33 50 3
U 33 50 0
U 35 6 3
U 35 6 0
U 28 24 3
U 28 24 0
U 18 42 3
U 18 42 0
U 41 48 3
U 41 48 0
U 13 27 3
U 13 27 0
U 1 28 3
U 1 28 0
U 39 4 3
U 39 4 0
U 31 21 3
U 31 21 0
U 10 40 3
U 10 40 0
U 15 48 3
U 15 48 0
U 21 13 3
U 21 13 0
U 6 14 3
U 6 14 0
U 23 20 3
U 23 20 0
U 39 30 3
U 39 30 0
U 29 28 3
U 29 28 0
U 39 43 3
U 39 43 0
U 32 10 3
U 32 10 0
U 35 8 3
U 35 8 0
U 46 40 3
U 46 40 0
U 14 7 3
U 14 7 0
U 5 39 3
U 5 39 0
U 14 35 3
U 14 35 0
U 32 37 3
U 32 37 0
U 42 21 3
U 42 21 0
U 19 38 3
U 19 38 0
U 47 24 3
U 47 24 0
U 27 7 3
U 27 7 0
U 40 31 3
U 40 31 0
U 31 17 3
U 31 17 0
U 11 30 3
U 11 30 0
U 12 47 3
U 12 47 0
U 42 46 3
U 42 46 0
U 5 12 3
U 5 12 0
U 36 49 3
U 36 49 0
U 7 37 3
U 7 37 0
U 41 37 3
U 41 37 0
U 32 7 3
U 32 7 0
U 20 49 3
U 20 49 0
U 27 2 3
U 27 2 0
U 8 27 3
U 8 27 0
U 19 45 3
U 19 45 0
U 48 34 3
U 48 34 0
U 23 34 3
U 23 34 0
U 3 47 3
U 3 47 0
U 39 41 3
U 39 41 0
U 43 24 3
U 43 24 0
U 43 42 3
U 43 42 0
U 40 5 3
U 40 5 0
U 16 36 3
U 16 36 0
U 13 3 3
U 13 3 0
U 50 8 3
U 50 8 0
U 47 25 3
U 47 25 0
U 7 29 3
U 7 29 0
U 36 39 3
U 36 39 0
U 2 41 3
U 2 41 0
U 29 39 3
U 29 39 0
U 16 33 3
U 16 33 0
U 10 45 3
U 10 45 0
U 44 21 3
U 44 21 0
U 25 18 3
U 25 18 0
U 7 47 3
U 7 47 0
U 46 24 3
U 46 24 0
U 33 13 3
U 33 13 0
U 18 8 3
U 18 8 0
U 47 45 3
U 47 45 0
U 16 39 3
U 16 39 0
U 8 48 3
U 8 48 0
U 19 22 3
U 19 22 0
U 24 10 3
U 24 10 0
U 44 24 3
U 44 24 0
U 1 11 3
U 1 11 0
U 35 10 3
U 35 10 0
U 30 3 3
U 30 3 0
U 19 3 3
U 19 3 0
U 16 32 3
U 16 32 0
U 46 41 3
U 46 41 0
U 31 32 3
U 31 32 0
U 10 2 3
U 10 2 0
U 29 24 3
U 29 24 0
U 13 50 3
U 13 50 0
U 13 34 3
U 13 34 0
U 14 31 3
U 14 31 0
U 29 34 3
U 29 34 0
U 38 35 3
U 38 35 0
U 18 29 3
U 18 29 0
U 36 43 3
U 36 43 0
U 45 8 3
U 45 8 0
U 46 2 3
U 46 2 0
U 9 11 3
U 9 11 0
U 10 5 3
U 10 5 0
U 38 42 3
U 38 42 0
U 6 42 3
U 6 42 0
U 41 40 3
U 41 40 0
U 7 38 3
U 7 38 0
U 21 1 3
U 21 1 0
U 10 16 3
U 10 16 0
U 29 8 3
U 29 8 0
U 3 35 3
U 3 35 0
U 25 50 3
U 25 50 0
U 41 10 3
U 41 10 0
U 35 7 3
U 35 7 0
U 34 19 3
U 34 19 0
U 39 1 3
U 39 1 0
U 20 12 3
U 20 12 0
U 13 43 3
U 13 43 0
U 44 1 3
U 44 1 0
U 7 35 3
U 7 35 0
U 14 47 3
U 14 47 0
U 35 43 3
U 35 43 0
U 37 8 3
U 37 8 0
U 34 9 3
U 34 9 0
U 15 13 3
U 15 13 0
U 21 46 3
U 21 46 0
U 14 16 3
U 14 16 0
U 2 30 3
U 2 30 0
U 22 4 3
U 22 4 0
U 6 36 3
U 6 36 0
U 12 20 3
U 12 20 0
U 41 12 3
U 41 12 0
U 12 30 3
U 12 30 0
U 44 11 3
U 44 11 0
U 7 40 3
U 7 40 0
U 20 22 3
U 20 22 0
U 3 46 3
U 3 46 0
U 9 32 3
U 9 32 0
U 1 19 3
U 1 19 0
U 2 38 3
U 2 38 0
U 21 50 3
U 21 50 0
U 4 25 3
U 4 25 0
U 24 47 3
U 24 47 0
U 38 29 3
U 38 29 0
U 22 43 3
U 22 43 0
U 22 25 3
U 22 25 0
U 7 42 3
U 7 42 0
U 3 21 3
U 3 21 0
U 44 17 3
U 44 17 0
U 33 41 3
U 33 41 0
U 28 6 3
U 28 6 0
U 41 20 3
U 41 20 0
U 34 18 3
U 34 18 0
U 39 50 3
U 39 50 0
U 1 15 3
U 1 15 0
U 41 21 3
U 41 21 0
U 8 35 3
U 8 35 0
U 25 49 3
U 25 49 0
U 42 50 3
U 42 50 0
U 27 26 3
U 27 26 0
U 42 1 3
U 42 1 0
U 38 48 3
U 38 48 0
U 35 42 3
U 35 42 0
U 33 46 3
U 33 46 0
U 21 42 3
U 21 42 0
U 26 23 3
U 26 23 0
U 30 10 3
U 30 10 0
U 8 22 3
U 8 22 0
U 45 32 3
U 45 32 0
U 45 50 3
U 45 50 0
U 43 34 3
U 43 34 0
U 9 25 3
U 9 25 0
U 5 21 3
U 5 21 0
U 25 39 3
U 25 39 0
U 11 36 3
U 11 36 0
U 37 38 3
U 37 38 0
U 5 50 3
U 5 50 0
U 31 3 3
U 31 3 0
U 8 4 3
U 8 4 0
U 14 1 3
U 14 1 0
U 11 40 3
U 11 40 0
U 32 14 3
U 32 14 0
U 1 38 3
U 1 38 0
U 21 31 3
U 21 31 0
U 37 19 3
U 37 19 0
U 28 3 3
U 28 3 0
U 44 4 3
U 44 4 0
U 27 5 3
U 27 5 0
U 45 18 3
U 45 18 0
U 3 31 3
U 3 31 0
U 26 29 3
U 26 29 0
U 17 12 3
U 17 12 0
U 26 31 3
U 26 31 0
U 3 18 3
U 3 18 0
U 18 11 3
U 18 11 0
U 8 26 3
U 8 26 0
U 1 48 3
U 1 48 0
U 19 50 3
U 19 50 0
U 28 37 3
U 28 37 0
U 37 5 3
U 37 5 0
U 10 43 3
U 10 43 0
U 14 4 3
U 14 4 0
U 22 20 3
U 22 20 0
U 18 21 3
U 18 21 0
U 35 36 3
U 35 36 0
U 36 34 3
U 36 34 0
U 3 10 3
U 3 10 0
U 23 39 3
U 23 39 0
U 2 28 3
U 2 28 0
U 16 10 3
U 16 10 0
U 41 8 3
U 41 8 0
U 45 31 3
U 45 31 0
U 32 25 3
U 32 25 0
U 39 31 3
U 39 31 0
U 42 48 3
U 42 48 0
U 46 16 3
U 46 16 0
U 3 14 3
U 3 14 0
U 27 13 3
U 27 13 0
U 45 22 3
U 45 22 0
U 27 42 3
U 27 42 0
U 45 7 3
U 45 7 0
U 18 3 3
U 18 3 0
U 16 37 3
U 16 37 0
U 46 7 3
U 46 7 0
U 12 9 3
U 12 9 0
U 38 41 3
U 38 41 0
U 20 23 3
U 20 23 0
U 48 4 3
U 48 4 0
U 28 42 3
U 28 42 0
U 50 44 3
U 50 44 0
U 4 38 3
U 4 38 0
U 50 29 3
U 50 29 0
U 18 14 3
U 18 14 0
U 25 20 3
U 25 20 0
U 46 5 3
U 46 5 0
U 12 40 3
U 12 40 0
U 27 41 3
U 27 41 0
U 20 48 3
U 20 48 0
U 24 49 3
U 24 49 0
U 43 33 3
U 43 33 0
U 49 18 3
U 49 18 0
U 18 12 3
U 18 12 0
U 1 42 3
U 1 42 0
U 35 13 3
U 35 13 0
U 21 17 3
U 21 17 0
U 14 11 3
U 14 11 0
U 37 3 3
U 37 3 0
U 36 13 3
U 36 13 0
U 46 1 3
U 46 1 0
U 19 37 3
U 19 37 0
U 38 9 3
U 38 9 0
U 13 35 3
U 13 35 0
U 30 13 3
U 30 13 0
U 34 29 3
U 34 29 0
U 5 10 3
U 5 10 0
U 15 29 3
U 15 29 0
U 18 33 3
U 18 33 0
U 2 18 3
U 2 18 0
U 39 29 3
U 39 29 0
U 4 34 3
U 4 34 0
U 41 14 3
U 41 14 0
U 28 18 3
U 28 18 0
U 45 17 3
U 45 17 0
U 50 7 3
U 50 7 0
U 28 1 3
U 28 1 0
U 6 1 3
U 6 1 0
U 13 36 3
U 13 36 0
U 27 47 3
U 27 47 0
U 13 28 3
U 13 28 0
U 31 10 3
U 31 10 0
U 20 31 3
U 20 31 0
U 25 7 3
U 25 7 0
U 40 34 3
U 40 34 0
U 15 35 3
U 15 35 0
U 20 15 3
U 20 15 0
U 41 36 3
U 41 36 0
U 50 40 3
U 50 40 0
U 34 10 3
U 34 10 0
U 45 34 3
U 45 34 0
U 46 22 3
U 46 22 0
U 7 18 3
U 7 18 0
U 3 32 3
U 3 32 0
U 11 37 3
U 11 37 0
U 24 8 3
U 24 8 0
U 26 30 3
U 26 30 0
U 31 29 3
U 31 29 0
U 41 3 3
U 41 3 0
U 28 29 3
U 28 29 0
U 33 49 3
U 33 49 0
U 7 9 3
U 7 9 0
U 5 23 3
U 5 23 0
U 38 45 3
U 38 45 0
U 33 15 3
U 33 15 0
U 23 33 3
U 23 33 0
U 5 49 3
U 5 49 0
U 31 5 3
U 31 5 0
U 50 21 3
U 50 21 0
U 19 33 3
U 19 33 0
U 9 15 3
U 9 15 0
U 35 37 3
U 35 37 0
U 36 30 3
U 36 30 0
U 22 37 3
U 22 37 0
U 39 35 3
U 39 35 0
U 21 19 3
U 21 19 0
U 9 8 3
U 9 8 0
U 19 47 3
U 19 47 0
U 40 23 3
U 40 23 0
U 31 42 3
U 31 42 0
U 7 33 3
U 7 33 0
U 4 24 3
U 4 24 0
U 29 31 3
U 29 31 0
U 43 16 3
U 43 16 0
U 22 12 3
U 22 12 0
U 1 6 3
U 1 6 0
U 30 45 3
U 30 45 0
U 30 34 3
U 30 34 0
U 9 41 3
U 9 41 0
U 46 26 3
U 46 26 0
U 5 14 3
U 5 14 0
U 37 32 3
U 37 32 0
U 3 9 3
U 3 9 0
U 13 44 3
U 13 44 0
U 3 17 3
U 3 17 0
U 37 13 3
U 37 13 0
U 44 37 3
U 44 37 0
U 7 10 3
U 7 10 0
U 46 8 3
U 46 8 0
U 2 47 3
U 2 47 0
U 45 24 3
U 45 24 0
U 19 30 3
U 19 30 0
U 30 42 3
U 30 42 0
U 10 35 3
U 10 35 0
U 8 39 3
U 8 39 0
U 13 18 3
U 13 18 0
U 3 26 3
U 3 26 0
U 35 18 3
U 35 18 0
U 46 32 3
U 46 32 0
U 4 20 3
U 4 20 0
U 46 38 3
U 46 38 0
U 21 7 3
U 21 7 0
U 11 5 3
U 11 5 0
U 50 33 3
U 50 33 0
U 20 34 3
U 20 34 0
U 36 47 3
U 36 47 0
U 45 42 3
U 45 42 0
U 26 33 3
U 26 33 0
U 41 50 3
U 41 50 0
U 30 6 3
U 30 6 0
U 9 30 3
U 9 30 0
U 26 22 3
U 26 22 0
U 15 45 3
U 15 45 0
U 34 30 3
U 34 30 0
U 33 20 3
U 33 20 0
U 16 26 3
U 16 26 0
U 33 7 3
U 33 7 0
U 38 26 3
U 38 26 0
U 50 41 3
U 50 41 0
U 27 24 3
U 27 24 0
U 23 11 3
U 23 11 0
U 5 40 3
U 5 40 0
U 10 27 3
U 10 27 0
U 8 15 3
U 8 15 0
U 27 25 3
U 27 25 0
U 14 8 3
U 14 8 0
U 41 16 3
U 41 16 0
U 28 31 3
U 28 31 0
U 30 17 3
U 30 17 0
U 29 22 3
U 29 22 0
U 7 50 3
U 7 50 0
U 26 37 3
U 26 37 0
U 40 1 3
U 40 1 0
U 24 23 3
U 24 23 0
U 35 2 3
U 35 2 0
U 5 11 3
U 5 11 0
U 38 11 3
U 38 11 0
U 27 40 3
U 27 40 0
U 19 9 3
U 19 9 0
U 33 25 3
U 33 25 0
U 17 22 3
U 17 22 0
U 10 21 3
U 10 21 0
U 28 32 3
U 28 32 0
U 36 50 3
U 36 50 0
U 12 18 3
U 12 18 0
U 34 5 3
U 34 5 0
U 1 12 3
U 1 12 0
U 31 18 3
U 31 18 0
U 30 35 3
U 30 35 0
U 8 37 3
U 8 37 0
U 9 21 3
U 9 21 0
U 10 47 3
U 10 47 0
U 2 22 3
U 2 22 0
U 2 43 3
U 2 43 0
U 49 11 3
U 49 11 0
U 23 1 3
U 23 1 0
U 34 47 3
U 34 47 0
U 14 37 3
U 14 37 0
U 26 16 3
U 26 16 0
U 5 28 3
U 5 28 0
U 2 34 3
U 2 34 0
U 10 1 3
U 10 1 0
U 36 15 3
U 36 15 0
U 9 43 3
U 9 43 0
U 46 9 3
U 46 9 0
U 25 19 3
U 25 19 0
U 14 19 3
U 14 19 0
U 1 7 3
U 1 7 0
U 44 41 3
U 44 41 0
U 15 40 3
U 15 40 0
U 8 21 3
U 8 21 0
U 4 16 3
U 4 16 0
U 27 16 3
U 27 16 0
U 31 48 3
U 31 48 0
U 44 47 3
U 44 47 0
U 21 28 3
U 21 28 0
U 27 9 3
U 27 9 0
U 34 15 3
U 34 15 0
U 22 10 3
U 22 10 0
U 1 35 3
U 1 35 0
U 15 27 3
U 15 27 0
U 9 46 3
U 9 46 0
U 32 9 3
U 32 9 0
U 6 18 3
U 6 18 0
U 28 10 3
U 28 10 0
U 37 28 3
U 37 28 0
U 16 22 3
U 16 22 0
U 38 14 3
U 38 14 0
U 18 46 3
U 18 46 0
U 38 28 3
U 38 28 0
U 29 32 3
U 29 32 0
U 6 4 3
U 6 4 0
U 13 32 3
U 13 32 0
U 2 14 3
U 2 14 0
U 46 28 3
U 46 28 0
U 20 17 3
U 20 17 0
U 31 22 3
U 31 22 0
U 26 47 3
U 26 47 0
U 49 8 3
U 49 8 0
U 21 41 3
U 21 41 0
U 32 47 3
U 32 47 0
U 9 20 3
U 9 20 0
U 7 4 3
U 7 4 0
U 19 10 3
U 19 10 0
U 45 36 3
U 45 36 0
U 20 30 3
U 20 30 0
U 14 13 3
U 14 13 0
U 47 42 3
U 47 42 0
U 28 40 3
U 28 40 0
U 29 14 3
U 29 14 0
U 42 17 3
U 42 17 0
U 22 2 3
U 22 2 0
U 7 2 3
U 7 2 0
U 44 14 3
U 44 14 0
U 50 18 3
U 50 18 0
U 42 30 3
U 42 30 0
U 33 30 3
U 33 30 0
U 28 34 3
U 28 34 0
U 17 28 3
U 17 28 0
U 19 13 3
U 19 13 0
U 11 14 3
U 11 14 0
U 41 25 3
U 41 25 0
U 18 23 3
U 18 23 0
U 50 3 3
U 50 3 0
U 21 18 3
U 21 18 0
U 16 3 3
U 16 3 0
U 6 12 3
U 6 12 0
U 19 7 3
U 19 7 0
U 19 5 3
U 19 5 0
U 39 12 3
U 39 12 0
U 33 45 3
U 33 45 0
U 5 9 3
U 5 9 0
U 31 25 3
U 31 25 0
U 3 44 3
U 3 44 0
U 6 29 3
U 6 29 0
U 11 24 3
U 11 24 0
U 26 44 3
U 26 44 0
U 26 38 3
U 26 38 0
U 12 2 3
U 12 2 0
U 17 1 3
U 17 1 0
U 3 7 3
U 3 7 0
U 37 21 3
U 37 21 0
U 50 15 3
U 50 15 0
U 31 34 3
U 31 34 0
U 28 30 3
U 28 30 0
U 7 39 3
U 7 39 0
U 48 32 3
U 48 32 0
U 31 43 3
U 31 43 0
U 14 6 3
U 14 6 0
U 37 24 3
U 37 24 0
U 25 6 3
U 25 6 0
U 30 12 3
U 30 12 0
U 50 5 3
U 50 5 0
U 11 27 3
U 11 27 0
U 15 14 3
U 15 14 0
U 15 26 3
U 15 26 0
U 42 5 3
U 42 5 0
U 13 9 3
U 13 9 0
U 17 42 3
U 17 42 0
U 33 21 3
U 33 21 0
U 44 35 3
U 44 35 0
U 27 44 3
U 27 44 0
U 23 24 3
U 23 24 0
U 29 38 3
U 29 38 0
U 22 15 3
U 22 15 0
U 49 43 3
U 49 43 0
U 49 27 3
U 49 27 0
U 10 3 3
U 10 3 0
U 26 4 3
U 26 4 0
U 8 33 3
U 8 33 0
U 24 13 3
U 24 13 0
U 44 10 3
U 44 10 0
U 41 2 3
U 41 2 0
U 10 38 3
U 10 38 0
U 20 38 3
U 20 38 0
U 24 9 3
U 24 9 0
U 43 50 3
U 43 50 0
U 34 50 3
U 34 50 0
U 9 47 3
U 9 47 0
U 3 43 3
U 3 43 0
U 10 20 3
U 10 20 0
U 27 29 3
U 27 29 0
U 23 5 3
U 23 5 0
U 31 47 3
U 31 47 0
U 32 35 3
U 32 35 0
U 20 18 3
U 20 18 0
U 28 35 3
U 28 35 0
U 20 35 3
U 20 35 0
U 14 17 3
U 14 17 0
U 28 44 3
U 28 44 0
U 16 43 3
U 16 43 0
U 18 1 3
U 18 1 0
U 7 1 3
U 7 1 0
U 35 39 3
U 35 39 0
U 49 21 3
U 49 21 0
U 26 35 3
U 26 35 0
U 45 37 3
U 45 37 0
U 23 26 3
U 23 26 0
U 30 46 3
U 30 46 0
U 6 15 3
U 6 15 0
U 43 28 3
U 43 28 0
U 12 26 3
U 12 26 0
U 26 17 3
U 26 17 0
U 5 32 3
U 5 32 0
U 31 8 3
U 31 8 0
U 30 27 3
U 30 27 0
U 33 42 3
U 33 42 0
U 47 48 3
U 47 48 0
U 16 23 3
U 16 23 0
U 9 38 3
U 9 38 0
U 45 29 3
U 45 29 0
U 18 31 3
U 18 31 0
U 40 11 3
U 40 11 0
U 31 30 3
U 31 30 0
U 40 36 3
U 40 36 0
U 32 5 3
U 32 5 0
U 50 20 3
U 50 20 0
U 2 13 3
U 2 13 0
U 15 37 3
U 15 37 0
U 22 6 3
U 22 6 0
U 50 36 3
U 50 36 0
U 32 41 3
U 32 41 0
U 13 41 3
U 13 41 0
U 37 23 3
U 37 23 0
U 17 35 3
U 17 35 0
U 5 45 3
U 5 45 0
U 21 24 3
U 21 24 0
U 2 35 3
U 2 35 0
U 10 6 3
U 10 6 0
U 42 12 3
U 42 12 0
U 3 42 3
U 3 42 0
U 27 23 3
U 27 23 0
U 47 12 3
U 47 12 0
U 5 48 3
U 5 48 0
U 7 46 3
U 7 46 0
U 47 22 3
U 47 22 0
U 38 49 3
U 38 49 0
U 23 29 3
U 23 29 0
U 31 6 3
U 31 6 0
U 32 46 3
U 32 46 0
U 11 4 3
U 11 4 0
U 37 40 3
U 37 40 0
U 44 26 3
U 44 26 0
U 26 49 3
U 26 49 0
U 46 13 3
U 46 13 0
U 26 20 3
U 26 20 0
U 2 23 3
U 2 23 0
U 10 29 3
U 10 29 0
U 30 1 3
U 30 1 0
U 29 10 3
U 29 10 0
U 27 8 3
U 27 8 0
U 46 44 3
U 46 44 0
U 30 48 3
U 30 48 0
U 27 3 3
U 27 3 0
U 34 41 3
U 34 41 0
U 16 6 3
U 16 6 0
U 33 47 3
U 33 47 0
U 35 32 3
U 35 32 0
U 15 20 3
U 15 20 0
U 45 23 3
U 45 23 0
U 27 38 3
U 27 38 0
U 5 31 3
U 5 31 0
U 20 40 3
U 20 40 0
U 21 38 3
U 21 38 0
U 6 3 3
U 6 3 0
U 32 6 3
U 32 6 0
U 42 36 3
U 42 36 0
U 39 3 3
U 39 3 0
U 21 20 3
U 21 20 0
U 13 10 3
U 13 10 0
U 20 16 3
U 20 16 0
U 14 48 3
U 14 48 0
U 38 32 3
U 38 32 0
U 17 15 3
U 17 15 0
U 20 43 3
U 20 43 0
U 20 29 3
U 20 29 0
U 26 3 3
U 26 3 0
U 36 27 3
U 36 27 0
U 4 3 3
U 4 3 0
U 23 35 3
U 23 35 0
U 45 16 3
U 45 16 0
U 6 10 3
U 6 10 0
U 49 22 3
U 49 22 0
U 1 21 3
U 1 21 0
U 11 16 3
U 11 16 0
U 3 30 3
U 3 30 0
U 34 27 3
U 34 27 0
U 19 11 3
U 19 11 0
U 33 8 3
U 33 8 0
U 8 50 3
U 8 50 0
U 37 50 3
U 37 50 0
U 29 26 3
U 29 26 0
U 46 17 3
U 46 17 0
U 49 47 3
U 49 47 0
U 11 22 3
U 11 22 0
U 18 48 3
U 18 48 0
U 5 46 3
U 5 46 0
U 26 45 3
U 26 45 0
U 50 9 3
U 50 9 0
U 43 41 3
U 43 41 0
U 40 26 3
U 40 26 0
U 32 28 3
U 32 28 0
U 43 45 3
U 43 45 0
U 42 37 3
U 42 37 0
U 31 39 3
U 31 39 0
U 40 7 3
U 40 7 0
U 20 10 3
U 20 10 0
U 47 27 3
U 47 27 0
U 4 19 3
U 4 19 0
U 8 9 3
U 8 9 0
U 25 14 3
U 25 14 0
U 16 48 3
U 16 48 0
U 24 37 3
U 24 37 0
U 1 4 3
U 1 4 0
U 3 48 3
U 3 48 0
U 45 12 3
U 45 12 0
U 21 22 3
U 21 22 0
U 12 43 3
U 12 43 0
U 10 23 3
U 10 23 0
U 36 38 3
U 36 38 0
U 49 31 3
U 49 31 0
U 9 28 3
U 9 28 0
U 49 26 3
U 49 26 0
U 37 15 3
U 37 15 0
U 1 36 3
U 1 36 0
U 12 22 3
U 12 22 0
U 27 17 3
U 27 17 0
U 27 49 3
U 27 49 0
U 2 12 3
U 2 12 0
U 35 27 3
U 35 27 0
U 5 37 3
U 5 37 0
U 38 47 3
U 38 47 0
U 14 9 3
U 14 9 0
U 6 21 3
U 6 21 0
U 10 46 3
U 10 46 0
U 8 34 3
U 8 34 0
U 28 15 3
U 28 15 0
U 43 10 3
U 43 10 0
U 49 35 3
U 49 35 0
U 11 34 3
U 11 34 0
U 16 11 3
U 16 11 0
U 33 4 3
U 33 4 0
U 40 45 3
U 40 45 0
U 34 31 3
U 34 31 0
U 5 8 3
U 5 8 0
U 11 17 3
U 11 17 0
U 48 28 3
U 48 28 0
U 1 14 3
U 1 14 0
U 8 36 3
U 8 36 0
U 6 43 3
U 6 43 0
U 39 38 3
U 39 38 0
U 50 25 3
U 50 25 0
U 12 28 3
U 12 28 0
U 7 11 3
U 7 11 0
U 30 18 3
U 30 18 0
U 48 23 3
U 48 23 0
U 11 32 3
U 11 32 0
U 43 14 3
U 43 14 0
U 23 47 3
U 23 47 0
U 42 20 3
U 42 20 0
U 30 26 3
U 30 26 0
U 47 33 3
U 47 33 0
U 25 44 3
U 25 44 0
U 36 3 3
U 36 3 0
U 16 30 3
U 16 30 0
U 45 20 3
U 45 20 0
U 27 20 3
U 27 20 0
U 24 5 3
U 24 5 0
U 34 28 3
U 34 28 0
U 5 2 3
U 5 2 0
U 41 39 3
U 41 39 0
U 23 9 3
U 23 9 0
U 33 11 3
U 33 11 0
U 40 29 3
U 40 29 0
U 5 34 3
U 5 34 0
U 4 37 3
U 4 37 0
U 44 40 3
U 44 40 0
U 38 37 3
U 38 37 0
U 17 41 3
U 17 41 0
U 26 9 3
U 26 9 0
U 13 15 3
U 13 15 0
U 18 49 3
U 18 49 0
U 27 39 3
U 27 39 0
U 36 42 3
U 36 42 0
U 44 49 3
U 44 49 0
U 2 36 3
U 2 36 0
U 20 33 3
U 20 33 0
U 14 12 3
U 14 12 0
U 46 49 3
U 46 49 0
U 31 28 3
U 31 28 0
U 48 26 3
U 48 26 0
U 19 41 3
U 19 41 0
U 5 3 3
U 5 3 0
U 36 21 3
U 36 21 0
U 2 19 3
U 2 19 0
U 27 18 3
U 27 18 0
U 18 27 3
U 18 27 0
U 8 29 3
U 8 29 0
U 24 18 3
U 24 18 0
U 9 18 3
U 9 18 0
U 49 30 3
U 49 30 0
U 45 40 3
U 45 40 0
U 23 38 3
U 23 38 0
U 7 27 3
U 7 27 0
U 2 33 3
U 2 33 0
U 9 50 3
U 9 50 0
U 12 23 3
U 12 23 0
U 50 14 3
U 50 14 0
U 49 40 3
U 49 40 0
U 12 29 3
U 12 29 0
U 6 31 3
U 6 31 0
U 1 23 3
U 1 23 0
U 33 43 3
U 33 43 0
U 19 49 3
U 19 49 0
U 41 24 3
U 41 24 0
U 34 23 3
U 34 23 0
U 31 15 3
U 31 15 0
U 28 50 3
U 28 50 0
U 18 16 3
U 18 16 0
U 30 39 3
U 30 39 0
U 48 12 3
U 48 12 0
U 45 15 3
U 45 15 0
U 8 23 3
U 8 23 0
U 5 6 3
U 5 6 0
U 44 48 3
U 44 48 0
U 45 47 3
U 45 47 0
U 43 32 3
U 43 32 0
U 50 16 3
U 50 16 0
U 39 7 3
U 39 7 0
U 18 4 3
U 18 4 0
U 50 47 3
U 50 47 0
U 21 15 3
U 21 15 0
U 1 45 3
U 1 45 0
U 41 38 3
U 41 38 0
U 39 36 3
U 39 36 0
U 13 16 3
U 13 16 0
U 1 47 3
U 1 47 0
U 48 8 3
U 48 8 0
U 40 19 3
U 40 19 0
U 30 20 3
U 30 20 0
U 12 27 3
U 12 27 0
U 14 25 3
U 14 25 0
U 5 41 3
U 5 41 0
U 11 21 3
U 11 21 0
U 34 26 3
U 34 26 0
U 33 23 3
U 33 23 0
U 2 46 3
U 2 46 0
U 37 26 3
U 37 26 0
U 10 36 3
U 10 36 0
U 13 24 3
U 13 24 0
U 43 31 3
U 43 31 0
U 43 7 3
U 43 7 0
U 26 11 3
U 26 11 0
U 32 21 3
U 32 21 0
U 46 29 3
U 46 29 0
U 32 20 3
U 32 20 0
U 34 7 3
U 34 7 0
U 30 9 3
U 30 9 0
U 21 33 3
U 21 33 0
U 20 11 3
U 20 11 0
U 22 26 3
U 22 26 0
U 47 3 3
U 47 3 0
U 35 22 3
U 35 22 0
U 32 42 3
U 32 42 0
U 6 16 3
U 6 16 0
U 10 48 3
U 10 48 0
U 9 10 3
U 9 10 0
U 3 39 3
U 3 39 0
U 25 17 3
U 25 17 0
U 5 13 3
U 5 13 0
U 44 7 3
U 44 7 0
U 34 2 3
U 34 2 0
U 27 22 3
U 27 22 0
U 5 22 3
U 5 22 0
U 44 6 3
U 44 6 0
U 12 21 3
U 12 21 0
U 6 37 3
U 6 37 0
U 6 11 3
U 6 11 0
U 8 5 3
U 8 5 0
U 35 4 3
U 35 4 0
U 5 33 3
U 5 33 0
U 24 43 3
U 24 43 0
U 27 4 3
U 27 4 0
U 29 18 3
U 29 18 0
U 6 8 3
U 6 8 0
U 33 40 3
U 33 40 0
U 34 22 3
U 34 22 0
U 10 19 3
U 10 19 0
U 14 32 3
U 14 32 0
U 47 9 3
U 47 9 0
U 47 8 3
U 47 8 0
U 27 45 3
U 27 45 0
U 6 41 3
U 6 41 0
U 7 16 3
U 7 16 0
U 44 23 3
U 44 23 0
