AV 1
AV 2
AV 3
AV 4
AV 5
AV 6
AV 7
AV 8
AV 9
AV 10
AV 11
AV 12
AV 13
AV 14
AV 15
AV 16
AV 17
AV 18
AV 19
AV 20
AV 21
AV 22
AV 23
AV 24
AV 25
AV 26
AV 27
AV 28
AV 29
AV 30
AV 31
AV 32
AV 33
AV 34
AV 35
AV 36
AV 37
AV 38
AV 39
AV 40
AV 41
AV 42
AV 43
AV 44
AV 45
AV 46
AV 47
AV 48
AV 49
AV 50
AE 45 21 6
AE 46 12 9
AE 36 19 5
AE 24 33 13
AE 32 9 6
AE 27 45 7
AE 50 2 5
AE 38 35 9
AE 45 32 7
AE 4 8 3
AE 38 27 5
AE 28 47 6
AE 1 34 7
AE 21 29 13
AE 28 43 7
AE 37 44 12
AE 48 4 12
AE 32 36 13
AE 40 5 5
AE 45 5 10
AE 16 48 11
AE 32 41 12
AE 18 4 15
AE 31 48 12
AE 35 42 13
AE 24 23 5
AE 13 23 2
AE 32 37 10
AE 19 28 1
AE 19 35 13
AE 15 41 5
AE 24 10 12
AE 26 43 2
AE 5 11 8
AE 31 1 4
AE 46 21 2
AE 36 37 9
AE 7 4 12
AE 43 49 6
AE 28 15 7
AE 48 12 5
AE 5 4 3
AE 48 13 7
AE 50 26 5
AE 7 31 5
AE 19 27 12
AE 24 38 15
AE 42 20 9
AE 37 34 13
AE 43 18 7
AE 46 9 12
AE 9 1 15
AE 14 1 7
AE 46 30 4
AE 33 1 11
AE 6 38 3
AE 4 40 3
AE 16 5 5
AE 32 21 4
AE 25 4 1
AE 13 21 9
AE 21 12 10
AE 18 48 1
AE 7 43 5
AE 34 36 12
AE 49 36 6
AE 4 15 8
AE 42 27 15
AE 20 39 15
AE 2 21 7
AE 20 10 15
AE 15 36 8
AE 46 1 14
AE 4 14 12
AE 28 40 8
AE 26 15 14
AE 21 14 14
AE 5 17 5
AE 18 29 3
AE 7 40 12
AE 10 44 5
AE 48 41 15
AE 41 25 2
AE 18 9 7
AE 6 5 14
AE 26 2 12
AE 8 10 10
AE 46 29 6
AE 8 27 3
AE 24 48 1
AE 39 34 7
AE 47 5 2
AE 16 43 14
AE 39 47 3
AE 35 5 9
AE 37 13 10
AE 45 46 9
AE 39 30 14
AE 34 42 6
AE 10 36 4
AE 36 25 3
AE 21 16 1
AE 14 17 14
AE 4 11 2
AE 1 9 6
AE 44 36 2
AE 40 47 7
AE 50 13 7
AE 41 10 6
AE 44 5 6
AE 30 11 15
AE 11 40 15
AE 49 5 12
AE 39 32 7
AE 27 2 14
AE 40 6 11
AE 9 48 4
AE 6 48 6
AE 4 31 3
AE 49 28 11
AE 13 30 7
AE 12 23 13
AE 4 24 9
AE 19 37 10
AE 14 38 14
AE 15 21 8
AE 8 50 9
AE 25 44 9
AE 47 22 7
AE 50 3 5
AE 5 19 8
AE 24 47 3
AE 18 42 7
AE 50 34 13
AE 23 30 11
AE 30 5 9
AE 46 39 2
AE 2 45 12
AE 30 37 3
AE 13 39 6
AE 13 28 4
AE 20 11 2
AE 16 44 9
AE 12 15 10
AE 6 22 11
AE 6 14 8
AE 9 34 11
AE 2 22 6
AE 13 41 3
AE 30 33 14
AE 19 2 7
AE 35 43 2
AE 43 38 3
AE 36 10 2
AE 28 39 15
AE 8 43 14
AE 23 24 1
AE 24 1 13
AE 47 43 4
AE 18 23 5
AE 25 34 5
AE 4 12 14
AE 1 13 4
AE 33 19 6
AE 6 11 12
AE 3 14 9
AE 46 42 13
AE 32 42 8
AE 14 48 7
AE 15 44 4
AE 4 36 10
AE 20 25 11
AE 45 35 3
AE 22 40 1
AE 34 31 13
AE 14 47 8
AE 36 3 7
AE 30 34 12
AE 33 15 13
AE 41 46 6
AE 38 21 9
AE 32 8 7
AE 33 12 5
AE 30 43 14
AE 41 45 8
AE 40 7 8
AE 17 11 9
AE 2 14 1
AE 6 7 9
AE 6 45 11
AE 10 49 13
AE 21 1 9
AE 4 34 11
AE 40 15 7
AE 45 33 10
AE 26 11 15
AE 27 24 15
AE 32 1 1
AE 14 21 12
AE 12 35 13
AE 2 30 2
AE 43 34 2
AE 40 4 2
AE 3 34 14
AE 30 7 12
AE 5 32 11
AE 18 32 12
AE 11 27 13
AE 38 43 1
AE 16 6 3
AE 47 41 14
AE 23 44 5
AE 22 42 10
AE 35 49 11
AE 1 15 2
AE 34 47 12
AE 38 34 8
AE 5 40 6
AE 50 27 6
AE 28 19 9
AE 11 23 11
AE 20 17 14
AE 43 28 9
AE 17 19 3
AE 22 4 10
AE 24 25 8
AE 19 34 6
AE 16 1 1
AE 42 11 8
AE 25 50 15
AE 42 36 9
AE 7 13 1
AE 21 35 12
AE 33 2 7
AE 34 43 4
AE 48 36 14
AE 44 15 12
AE 25 2 5
AE 26 45 14
AE 41 24 8
AE 3 1 14
AE 22 21 14
AE 18 46 2
AE 48 14 8
AE 47 36 4
U 45 21 3
U 45 21 0
U 36 19 3
U 36 19 0
U 32 9 3
U 32 9 0
U 50 2 3
U 50 2 0
U 45 32 3
U 45 32 0
U 38 27 3
U 38 27 0
U 1 34 3
U 1 34 0
U 28 43 3
U 28 43 0
U 48 4 3
U 48 4 0
U 40 5 3
U 40 5 0
U 16 48 3
U 16 48 0
U 18 4 3
U 18 4 0
U 35 42 3
U 35 42 0
U 13 23 3
U 13 23 0
U 19 28 3
U 19 28 0
U 15 41 3
U 15 41 0
U 26 43 3
U 26 43 0
U 31 1 3
U 31 1 0
U 36 37 3
U 36 37 0
U 43 49 3
U 43 49 0
U 48 12 3
U 48 12 0
U 48 13 3
U 48 13 0
U 7 31 3
U 7 31 0
U 24 38 3
U 24 38 0
U 37 34 3
U 37 34 0
U 46 9 3
U 46 9 0
U 14 1 3
U 14 1 0
U 33 1 3
U 33 1 0
U 4 40 3
U 4 40 0
U 32 21 3
U 32 21 0
U 13 21 3
U 13 21 0
U 18 48 3
U 18 48 0
U 34 36 3
U 34 36 0
U 4 15 3
U 4 15 0
U 20 39 3
U 20 39 0
U 20 10 3
U 20 10 0
U 46 1 3
U 46 1 0
U 28 40 3
U 28 40 0
U 21 14 3
U 21 14 0
U 18 29 3
U 18 29 0
U 10 44 3
U 10 44 0
U 41 25 3
U 41 25 0
U 6 5 3
U 6 5 0
U 8 10 3
U 8 10 0
U 8 27 3
U 8 27 0
U 39 34 3
U 39 34 0
U 16 43 3
U 16 43 0
U 35 5 3
U 35 5 0
U 45 46 3
U 45 46 0
U 34 42 3
U 34 42 0
U 36 25 3
U 36 25 0
U 14 17 3
U 14 17 0
U 1 9 3
U 1 9 0
U 40 47 3
U 40 47 0
U 41 10 3
U 41 10 0
U 30 11 3
U 30 11 0
U 49 5 3
U 49 5 0
U 27 2 3
U 27 2 0
U 9 48 3
U 9 48 0
U 4 31 3
U 4 31 0
U 13 30 3
U 13 30 0
U 4 24 3
U 4 24 0
U 14 38 3
U 14 38 0
U 8 50 3
U 8 50 0
U 47 22 3
U 47 22 0
U 5 19 3
U 5 19 0
U 18 42 3
U 18 42 0
U 23 30 3
U 23 30 0
U 46 39 3
U 46 39 0
U 30 37 3
U 30 37 0
U 13 28 3
U 13 28 0
U 16 44 3
U 16 44 0
U 6 22 3
U 6 22 0
U 9 34 3
U 9 34 0
U 13 41 3
U 13 41 0
U 19 2 3
U 19 2 0
U 43 38 3
U 43 38 0
U 28 39 3
U 28 39 0
U 23 24 3
U 23 24 0
U 47 43 3
U 47 43 0
U 25 34 3
U 25 34 0
U 1 13 3
U 1 13 0
U 6 11 3
U 6 11 0
U 46 42 3
U 46 42 0
U 14 48 3
U 14 48 0
U 4 36 3
U 4 36 0
U 45 35 3
U 45 35 0
U 34 31 3
U 34 31 0
U 36 3 3
U 36 3 0
U 33 15 3
U 33 15 0
U 38 21 3
U 38 21 0
U 33 12 3
U 33 12 0
U 41 45 3
U 41 45 0
U 17 11 3
U 17 11 0
U 6 7 3
U 6 7 0
U 10 49 3
U 10 49 0
U 4 34 3
U 4 34 0
U 45 33 3
U 45 33 0
U 27 24 3
U 27 24 0
U 14 21 3
U 14 21 0
U 2 30 3
U 2 30 0
U 40 4 3
U 40 4 0
U 30 7 3
U 30 7 0
U 18 32 3
U 18 32 0
U 38 43 3
U 38 43 0
U 47 41 3
U 47 41 0
U 22 42 3
U 22 42 0
U 1 15 3
U 1 15 0
U 38 34 3
U 38 34 0
U 50 27 3
U 50 27 0
U 11 23 3
U 11 23 0
U 43 28 3
U 43 28 0
U 22 4 3
U 22 4 0
U 19 34 3
U 19 34 0
U 42 11 3
U 42 11 0
U 42 36 3
U 42 36 0
U 21 35 3
U 21 35 0
U 34 43 3
U 34 43 0
U 44 15 3
U 44 15 0
U 26 45 3
U 26 45 0
U 3 1 3
U 3 1 0
U 18 46 3
U 18 46 0
U 47 36 3
U 47 36 0
